0 8 24 34 24 23434 1
0 8 24 34 24 23434 41
0 8 24 34 24 23434 81
0 8 24 34 24 23434 121
0 8 24 34 24 23434 181
0 8 24 34 24 23434 1801
0 8 24 34 34 33469 1861
0 8 30 36 36 36345 1981
0 8 30 36 30 28766 2101
0 8 24 34 24 23434 2641
0 8 24 34 34 33469 2701
0 8 30 36 36 36345 2821
0 8 30 36 30 28766 2941
0 8 30 36 36 36345 2971
0 8 30 36 30 28766 3031
0 8 31 36 31 29677 3421
10 18 26 32 26 25792 3481
10 20 28 32 20 21240 3541
10 20 28 32 32 31897 3601
10 20 28 32 28 27728 3661
10 14 29 34 29 28660 3811
10 14 29 34 29 28660 3871
10 14 29 34 14 16533 3901
10 14 29 34 10 12093 3931
6 13 27 34 6 7234 3991
6 13 27 34 27 26426 4021
6 13 21 34 21 21786 4081
6 13 24 34 24 23942 4321
6 13 24 34 34 34421 4381
6 13 24 36 36 37273 4501
10 24 33 39 39 43010 4621
10 24 33 39 33 33397 4681
10 24 33 39 24 24162 5161
10 24 34 39 34 34848 5221
10 18 30 36 36 37664 5341
10 18 30 36 30 29600 5401
10 18 29 39 29 28693 5461
10 18 29 39 39 42967 5521
10 18 30 36 36 37664 5581
10 18 30 34 34 34824 5641
10 18 30 34 30 29598 5701
10 18 29 34 29 28688 5761
10 18 27 34 27 26706 5821
10 18 31 35 31 30421 5881
10 18 26 32 26 25792 6001
10 20 28 32 20 21240 6061
10 20 28 32 32 31897 6121
10 20 28 32 28 27728 6181
10 23 31 35 23 23394 6331
10 23 31 35 23 23394 6361
10 19 27 34 27 26714 6421
10 19 27 34 19 20514 6451
10 19 27 34 34 34827 6481
10 19 27 34 27 26714 6541
10 19 27 34 27 26714 6661
10 19 28 36 28 27724 6721
10 19 28 36 36 37668 7021
10 19 28 33 33 33375 7081
10 19 28 33 28 27721 7141
10 19 27 33 27 26713 7201
10 19 28 33 28 27721 7261
10 16 34 39 39 42951 7981
10 16 34 39 34 34811 8041
10 16 31 39 31 30415 8101
10 16 27 33 33 33353 8161
10 16 27 33 27 26689 8341
10 16 28 33 28 27697 8521
10 16 31 35 31 30411 8761
10 16 28 35 28 27699 8881
10 16 24 35 24 24151 9001
10 19 27 36 27 26716 9121
10 19 27 36 19 20516 9301
10 18 26 36 26 25796 9481
10 18 26 36 36 37660 22561
10 22 31 39 39 42999 22621
10 22 31 39 31 30445 22681
10 22 31 39 22 22676 22741
10 24 32 39 24 24159 22801
10 22 31 39 31 30445 22981
10 22 30 39 30 29627 23041
10 24 32 39 24 24159 23221
10 19 31 39 19 20545 23401
10 19 31 39 39 42978 23461
10 19 31 39 31 30430 23521
10 22 31 39 22 22676 23581
10 22 31 39 31 30445 23641
10 22 31 39 39 42999 23821
10 22 34 38 38 41042 23881
10 22 34 38 34 34843 24061
10 22 34 38 38 41042 24241
10 20 28 36 36 37673 24301
10 20 28 36 20 21244 24361
10 20 28 36 28 27732 24481
10 24 34 38 24 24163 24541
10 20 34 38 20 21273 24601
10 20 34 38 38 41031 24661
10 20 34 38 34 34836 24721
10 22 30 39 30 29627 24781
10 22 31 39 31 30445 24841
10 24 32 39 24 24159 25081
10 24 32 39 39 43009 25321
10 21 30 34 30 29616 25501
10 21 29 34 34 34838 25741
10 21 29 33 33 33385 25921
10 22 30 36 36 37682 26161
10 22 30 36 36 37682 26341
10 22 30 36 30 29624 26401
10 22 31 36 31 30442 26461
10 22 31 36 22 22673 26521
10 24 34 38 34 34847 26581
10 24 34 38 24 24163 26641
11 17 31 38 31 30464 26701
11 17 29 38 29 28734 26761
11 17 31 38 31 30464 27001
11 17 32 38 32 31943 27121
11 17 29 38 29 28734 27181
11 17 30 38 30 29644 27301
11 17 30 38 17 19079 27421
11 19 30 38 19 20583 27541
11 21 30 38 21 21991 27601
11 21 30 38 30 29668 27721
11 21 30 38 11 13747 27781
11 21 30 38 30 29668 27901
10 18 26 38 26 25798 27961
10 21 29 38 21 21957 28021
10 21 29 38 29 28713 28081
10 21 29 38 38 41032 28141
10 21 29 35 35 36265 28201
10 21 33 38 33 33387 28261
10 21 33 38 38 41036 28321
10 21 33 38 33 33387 28361
10 21 29 35 29 28710 28401
10 21 29 35 35 36265 28441
10 21 29 35 29 28710 28481
10 23 31 38 23 23397 28521
10 21 31 38 21 21968 28561
10 21 31 38 31 30439 28601
10 21 31 38 38 41034 28641
10 22 31 38 22 22675 28681
9 19 29 34 29 28639 28741
9 19 27 34 27 26666 28861
9 19 27 34 34 34758 28921
9 21 31 35 31 30386 28981
9 21 31 35 21 21937 29041
9 15 30 36 15 17301 29221
9 15 30 36 9 10865 29281
9 16 30 36 16 18133 29401
9 21 30 36 21 21933 29461
9 21 30 36 30 29564 29521
9 24 32 36 24 24122 29581
8 19 28 38 28 27606 29641
8 19 28 38 19 20438 29701
8 19 28 38 38 40824 29761
8 19 30 36 30 29492 29821
8 19 30 36 36 37526 29881
8 20 28 39 28 27615 29941
8 20 29 39 39 42765 30001
8 21 29 39 21 21894 30121
8 21 29 39 29 28595 30161
8 18 31 39 31 30320 30201
8 18 31 39 18 19697 30241
8 18 31 39 31 30320 30281
8 18 31 39 39 42750 30321
8 16 26 35 16 18035 30361
8 16 26 35 26 25691 30401
8 16 26 35 35 36086 30441
8 16 30 38 38 40799 30481
8 16 30 38 30 29476 30541
8 16 26 38 26 25694 30601
8 16 25 38 8 9562 30901
8 16 24 38 24 24078 31021
8 16 28 38 28 27582 31141
8 22 31 38 31 30339 31261
8 22 31 38 22 22609 31321
8 12 26 34 26 25658 31441
8 12 30 34 30 29448 31561
8 12 29 33 33 33157 31681
8 12 29 34 34 34616 31741
8 12 29 34 12 14689 45121
8 15 29 34 15 17217 45301
8 15 29 34 15 17217 45421
8 14 29 34 14 16365 45541
8 13 29 34 13 15517 45721
8 13 29 34 13 15517 45841
8 12 29 34 12 14689 45961
8 15 29 34 15 17217 46141
8 15 29 34 15 17217 46261
8 14 29 34 14 16365 46381
8 13 29 34 13 15517 46561
8 13 29 34 13 15517 46681
8 17 29 34 17 18889 46801
8 22 30 34 22 22600 46981
8 20 30 34 20 21183 47221
8 19 30 34 19 20447 47401
8 16 24 35 24 24075 47641
8 16 27 35 27 26587 47701
8 16 31 35 31 30306 47761
8 16 30 34 34 34659 47821
8 16 30 36 36 37505 47881
8 16 28 39 39 42726 47941
8 16 28 39 28 27583 48001
8 21 30 34 34 34689 48061
8 21 30 35 30 29503 48121
8 21 30 36 36 37535 48301
8 21 30 36 30 29504 48421
8 21 30 36 21 21897 48481
8 17 25 33 25 24873 48541
8 17 29 33 29 28561 48601
8 17 29 33 33 33207 48661
8 23 32 36 36 37542 48721
8 23 32 36 23 23329 48761
8 17 33 37 17 18910 48801
8 17 33 37 33 33208 48841
8 21 30 36 36 37535 48901
8 21 30 36 30 29504 48931
8 21 30 36 21 21897 48991
8 21 30 37 37 39093 49021
8 21 31 37 31 30333 49051
8 23 31 36 23 23325 49111
8 23 31 36 36 37541 49141
8 18 29 33 33 33214 49201
8 18 30 34 30 29484 49261
8 18 26 34 26 25706 49321
8 21 29 36 21 21891 49441
8 19 27 36 27 26612 49501
8 19 27 36 36 37523 49561
8 22 30 37 22 22603 49621
8 20 28 37 28 27613 49681
8 20 28 37 37 39086 49741
8 23 31 37 23 23326 49801
8 21 29 37 29 28593 49861
8 12 24 38 38 40743 49921
8 12 24 38 24 24046 49981
8 12 30 39 30 29453 50041
8 12 30 39 39 42674 50101
8 12 33 39 33 33160 50161
8 12 33 39 12 14712 56401
8 15 33 39 15 17240 56581
8 15 33 39 15 17240 56701
8 14 33 39 14 16388 56821
8 13 33 39 13 15540 57001
8 13 33 39 13 15540 57121
8 12 33 39 12 14712 57241
8 15 33 39 15 17240 57421
8 15 33 39 15 17240 57541
8 14 33 39 14 16388 57661
8 13 33 39 13 15540 57841
8 13 33 39 13 15540 57961
8 17 33 39 17 18912 58081
8 22 33 39 22 22617 58261
8 20 33 39 20 21200 58501
8 19 33 39 19 20464 58681
8 12 33 39 12 14712 58921
8 15 33 39 15 17240 59101
8 15 33 39 15 17240 59221
8 14 33 39 14 16388 59341
8 13 33 39 13 15540 59521
8 13 33 39 13 15540 59641
8 12 33 39 12 14712 59761
8 15 33 39 15 17240 59941
8 15 33 39 15 17240 60061
8 14 33 39 14 16388 60181
8 13 33 39 13 15540 60361
8 13 33 39 13 15540 60481
8 17 33 39 17 18912 60601
8 22 33 39 22 22617 60781
8 20 33 39 20 21200 61021
8 19 33 39 19 20464 61201
8 24 33 39 24 24086 61441
9 19 30 35 30 29551 61561
9 19 30 35 35 36190 61621
9 19 30 36 36 37604 61741
9 19 28 33 33 33303 61801
9 19 28 33 28 27665 61861
9 19 27 33 27 26665 61921
9 19 28 33 28 27665 61981
9 19 28 33 33 33303 62101
9 19 28 33 28 27665 62161
9 23 31 35 23 23363 62201
9 19 29 35 19 20486 62241
9 19 29 35 35 36189 62281
9 19 29 35 29 28640 62321
9 23 31 38 23 23366 62361
9 21 31 38 21 21940 62401
9 21 31 38 31 30389 62441
9 21 31 38 38 40944 62481
9 22 31 38 22 22646 62521
9 21 29 39 29 28658 62581
9 21 29 39 39 42889 62701
9 16 30 34 34 34740 62761
9 16 31 35 31 30361 62821
9 16 27 33 33 33281 62881
9 16 27 33 27 26641 63061
9 16 27 33 9 10909 63121
9 16 27 33 16 18109 63241
8 21 33 37 21 21910 63301
8 21 33 37 33 33230 63361
8 21 31 36 36 37536 63421
8 21 31 36 31 30332 63481
8 21 29 36 29 28592 63521
8 23 31 36 23 23325 63561
8 19 28 36 28 27604 63601
8 19 28 36 19 20436 63661
8 16 24 36 24 24076 63721
8 19 30 34 30 29490 63761
8 19 27 33 33 33218 63801
8 19 27 33 27 26609 63841
8 21 29 33 21 21888 63961
8 21 29 33 29 28589 64001
8 18 31 39 31 30320 64041
8 18 31 39 18 19697 64081
8 18 31 39 31 30320 64121
8 18 31 39 39 42750 64161
8 16 26 35 16 18035 64201
8 16 26 35 26 25691 64241
8 16 26 35 35 36086 64281
8 16 30 38 38 40799 64321
8 16 30 38 30 29476 64381
8 16 26 38 26 25694 64441
8 16 25 38 8 9562 64741
8 16 24 38 24 24078 64861
8 16 28 38 28 27582 64981
8 22 31 38 31 30339 65101
8 22 31 38 22 22609 65161
8 12 26 34 26 25658 65281
8 12 30 34 30 29448 65401
8 12 24 33 33 33152 65521
8 12 24 34 34 34611 65581
8 12 24 34 12 14650 66001
8 12 24 34 24 24042 67801
8 12 24 34 34 34611 67861
8 12 30 36 36 37463 67981
8 12 30 36 30 29450 68101
8 12 24 34 24 24042 68641
8 12 24 34 34 34611 68701
8 12 30 36 36 37463 68821
8 12 30 36 30 29450 68941
8 12 30 36 36 37463 68971
8 12 30 36 30 29450 69031
8 12 31 36 31 30287 69421
10 18 26 32 26 25792 69481
10 20 28 32 20 21240 69541
10 20 28 32 32 31897 69601
10 20 28 32 28 27728 69661
10 14 29 34 29 28660 69811
10 14 29 34 29 28660 69871
10 14 29 34 14 16533 69901
10 14 29 34 10 12093 69931
6 14 27 34 6 7318 69991
6 14 27 34 27 26434 70021
6 13 21 34 21 21786 70081
6 13 24 34 24 23942 70321
6 13 24 34 34 34421 70381
6 13 24 36 36 37273 70501
10 24 33 39 39 43010 70621
10 24 33 39 33 33397 70681
10 24 33 39 24 24162 71161
10 24 34 39 34 34848 71221
10 18 30 36 36 37664 71341
10 18 30 36 30 29600 71401
10 18 29 39 29 28693 71461
10 18 29 39 39 42967 71521
10 18 30 36 36 37664 71581
10 18 30 34 34 34824 71641
10 18 30 34 30 29598 71701
10 18 29 34 29 28688 71761
10 18 27 34 27 26706 71821
10 18 31 35 31 30421 71881
10 18 26 32 26 25792 72001
10 20 28 32 20 21240 72061
10 20 28 32 32 31897 72121
10 20 28 32 28 27728 72181
10 23 31 35 23 23394 72331
10 23 31 35 23 23394 72361
10 19 27 34 27 26714 72421
10 19 27 34 19 20514 72451
10 19 27 34 34 34827 72481
10 19 27 34 27 26714 72541
10 19 27 34 27 26714 72661
10 19 28 36 28 27724 72721
10 19 28 36 36 37668 73021
10 19 28 33 33 33375 73081
10 19 28 33 28 27721 73141
10 19 27 33 27 26713 73201
10 19 28 33 28 27721 73261
10 16 34 39 39 42951 73981
10 16 34 39 34 34811 74041
10 16 31 39 31 30415 74101
10 16 27 33 33 33353 74161
10 16 27 33 27 26689 74341
10 16 28 33 28 27697 74521
10 16 31 35 31 30411 74761
10 16 28 35 28 27699 74881
10 16 24 35 24 24151 75001
10 19 27 35 27 26715 75121
10 19 27 35 19 20515 75301
11 23 32 38 38 41121 75481