0 8 24 34 24 23434 1
0 8 24 34 24 23434 41
0 8 24 34 24 23434 81
0 8 24 34 24 23434 121
0 8 24 34 24 23434 151
0 8 24 34 24 23434 1801
0 8 24 34 34 33469 1861
0 8 30 36 36 36345 1981
0 8 30 36 30 28766 2101
0 8 24 34 24 23434 2641
0 8 24 34 34 33469 2701
0 8 30 36 36 36345 2821
0 8 30 36 30 28766 2941
0 8 30 36 36 36345 2971
0 8 30 36 30 28766 3031
0 8 31 36 31 29677 3421
10 18 26 32 26 25792 3481
10 20 28 32 20 21240 3541
10 20 28 32 32 31897 3601
10 20 28 32 28 27728 3661
10 14 29 34 29 28660 3811
10 14 29 34 29 28660 3871
10 14 29 34 14 16533 3901
10 14 29 34 10 12093 3931
6 13 27 34 6 7234 3991
6 13 27 34 27 26426 4021
6 13 21 34 21 21786 4081
6 13 24 34 24 23942 4321
6 13 24 34 34 34421 4381
6 13 24 36 36 37273 4501
7 24 33 39 39 42658 4621
7 24 33 39 33 33144 4681
7 24 33 39 24 24036 5161
7 24 34 39 34 34604 5221
7 18 30 36 36 37429 5341
7 18 30 36 30 29420 5401
7 18 29 39 29 28504 5461
7 18 29 39 39 42615 5521
7 18 30 36 36 37429 5581
7 18 30 34 34 34580 5641
7 18 30 34 30 29418 5701
7 18 29 34 29 28499 5761
7 18 27 34 27 26538 5821
7 18 31 35 31 30256 5881
7 18 26 32 26 25648 6001
7 20 28 32 20 21124 6061
7 20 28 32 32 31644 6121
7 20 28 32 28 27536 6181
7 23 31 35 23 23277 6331
7 23 31 35 23 23277 6361
7 19 27 34 27 26546 6421
7 19 27 34 19 20382 6451
7 19 27 34 34 34583 6481
7 19 27 34 27 26546 6541
7 19 27 34 27 26546 6661
7 19 28 36 28 27532 6721
7 19 28 36 36 37433 7021
7 19 28 33 33 33122 7081
7 19 28 33 28 27529 7141
7 19 27 33 27 26545 7201
7 19 28 33 28 27529 7261
7 16 34 39 39 42599 7981
7 16 34 39 34 34567 8041
7 16 31 39 31 30250 8101
7 16 27 33 33 33100 8161
7 16 27 33 27 26521 8341
7 16 28 33 28 27505 8521
7 16 31 35 31 30246 8761
7 16 28 35 28 27507 8881
7 16 24 35 24 24025 9001
7 19 27 35 27 26547 9121
7 19 27 35 19 20383 9301
7 12 26 35 26 25603 9481
7 12 26 35 12 14567 11281
7 12 26 35 12 14567 12961
7 15 26 35 15 17119 13141
7 15 26 35 15 17119 13261
7 14 26 35 14 16259 13381
7 13 26 35 13 15403 13561
7 13 26 35 13 15403 13681
7 12 26 35 12 14567 13801
7 15 26 35 15 17119 13981
7 15 26 35 15 17119 14101
7 14 26 35 14 16259 14221
7 13 26 35 13 15403 14401
7 13 26 35 13 15403 14521
7 17 26 35 17 18807 14641
7 11 22 35 22 22526 14821
7 11 20 35 20 21111 15061
7 11 19 35 19 20375 15241
7 11 24 35 24 23985 15481
7 11 27 35 27 26483 15541
7 11 31 35 31 30221 15601
7 11 30 34 34 34510 15661
7 11 30 36 36 37359 15721
7 11 28 39 39 42523 15781
7 11 28 39 28 27471 15841
7 21 30 34 34 34595 15901
7 21 30 35 30 29437 15961
7 21 30 36 36 37444 16141
7 21 30 36 30 29438 16261
7 21 30 36 21 21853 16321
7 17 25 33 25 24819 16381
7 17 29 33 29 28491 16441
7 17 29 33 33 33110 16501
7 23 32 36 36 37451 16561
7 23 32 36 23 23282 16601
7 17 33 37 17 18850 16641
7 17 33 37 33 33111 16681
7 21 30 36 36 37444 16741
7 21 30 36 30 29438 16771
7 21 30 36 21 21853 16831
7 21 30 37 37 38988 16861
7 21 31 37 31 30273 16891
7 23 31 36 23 23278 16951
7 23 31 36 36 37450 16981
7 18 29 33 33 33117 17041
7 18 30 34 30 29418 17101
7 18 26 34 26 25650 17161
7 21 29 36 21 21847 17281
7 19 27 36 27 26548 17341
7 19 27 36 36 37432 17401
7 22 30 37 22 22558 17461
7 20 28 37 28 27541 17521
7 20 28 37 37 38981 17581
7 23 31 38 23 23280 17641
7 21 29 38 29 28524 17701
7 21 29 38 38 40719 17761
7 24 32 39 24 24033 17821
7 22 30 39 30 29447 17881
7 22 30 39 39 42646 17941
7 22 33 37 33 33136 18001
7 22 32 36 36 37449 22561
7 22 31 39 39 42647 22621
7 22 31 39 31 30280 22681
7 22 31 39 22 22565 22741
7 24 32 39 24 24033 22801
7 22 31 39 31 30280 22981
7 22 30 39 30 29447 23041
7 24 32 39 24 24033 23221
7 22 31 39 7 8534 23401
7 22 31 39 39 42647 23461
7 22 31 39 31 30280 23521
7 22 31 39 22 22565 23581
7 22 31 39 31 30280 23641
7 22 31 39 39 42647 23821
7 22 34 38 38 40729 23881
7 22 34 38 34 34599 24061
7 22 34 38 38 40729 24241
7 20 28 36 36 37438 24301
7 20 28 36 20 21128 24361
7 20 28 36 28 27540 24481
7 24 34 38 24 24037 24541
7 20 34 38 20 21157 24601
7 20 34 38 38 40718 24661
7 20 34 38 34 34592 24721
8 12 30 36 30 29450 24781
8 12 31 36 31 30287 24841
8 12 31 36 12 14702 25081
8 15 31 36 15 17230 25261
8 15 31 36 15 17230 25381
8 14 31 36 14 16378 25501
8 13 31 36 13 15530 25681
8 13 31 36 13 15530 25801
8 12 31 36 12 14702 25921
8 15 31 36 15 17230 26101
8 15 31 36 15 17230 26221
8 14 31 36 14 16378 26341
8 13 31 36 13 15530 26521
8 13 31 36 13 15530 26641
8 17 31 36 17 18902 26761
8 22 31 36 22 22607 26941
8 20 31 36 20 21190 27181
8 19 31 36 19 20454 27361
8 24 32 36 24 24080 27601
8 19 30 35 30 29491 27721
8 19 30 35 35 36111 27781
8 19 30 36 36 37526 27901
8 19 28 33 33 33219 27961
8 19 28 33 28 27601 28021
8 19 27 33 27 26609 28081
8 19 28 33 28 27601 28141
8 19 28 33 33 33219 28261
8 19 28 33 28 27601 28321
8 23 31 35 23 23324 28361
8 19 29 35 19 20442 28401
8 19 29 35 35 36110 28441
8 19 29 35 29 28577 28481
8 23 31 38 23 23327 28521
8 21 31 38 21 21904 28561
8 21 31 38 31 30334 28601
8 21 31 38 38 40840 28641
8 22 31 38 22 22609 28681
8 21 29 39 29 28595 28741
8 21 29 39 39 42772 28861
8 21 30 34 34 34689 28921
8 21 31 35 31 30331 28981
9 16 27 33 33 33281 29041
9 16 27 33 27 26641 29221
9 16 27 33 9 10909 29281
9 16 27 33 16 18109 29401
8 21 33 37 21 21910 29461
8 21 33 37 33 33230 29521
8 21 31 36 36 37536 29581
8 21 31 36 31 30332 29641
8 21 29 36 29 28592 29681
8 23 31 36 23 23325 29721
8 19 28 36 28 27604 29761
8 19 28 36 19 20436 29821
8 16 24 36 24 24076 29881
8 19 30 34 30 29490 29921
8 19 27 33 33 33218 29961
8 19 27 33 27 26609 30001
8 21 29 33 21 21888 30121
8 21 29 33 29 28589 30161
8 18 31 39 31 30320 30201
8 18 31 39 18 19697 30241
8 18 31 39 31 30320 30281
8 18 31 39 39 42750 30321
8 16 26 35 16 18035 30361
8 16 26 35 26 25691 30401
8 16 26 35 35 36086 30441
8 16 30 38 38 40799 30481
8 16 30 38 30 29476 30541
8 16 26 38 26 25694 30601
8 16 25 38 8 9562 30901
8 16 24 38 24 24078 31021
8 16 28 38 28 27582 31141
8 22 31 38 31 30339 31261
8 22 31 38 22 22609 31321
8 12 26 34 26 25658 31441
8 12 30 34 30 29448 31561
8 12 29 33 33 33157 31681
8 12 29 34 34 34616 31741
8 12 29 34 12 14689 32161
8 15 29 34 15 17217 32341
8 15 29 34 15 17217 32461
8 14 29 34 14 16365 32581
8 13 29 34 13 15517 32761
8 13 29 34 13 15517 32881
8 12 29 34 12 14689 33001
8 15 29 34 15 17217 33181
8 15 29 34 15 17217 33301
8 14 29 34 14 16365 33421
8 13 29 34 13 15517 33601
8 13 29 34 13 15517 33721
8 17 29 34 17 18889 33841
8 22 32 39 22 22614 34021
8 20 32 39 20 21197 34261
8 19 32 39 19 20461 34441
8 24 32 39 24 24083 34681
8 24 32 39 39 42790 34921
8 21 30 34 30 29502 35101
8 21 29 34 34 34688 35341
8 21 29 33 33 33229 35521
8 22 30 36 36 37538 35761
8 22 30 36 36 37538 35941
8 22 30 36 30 29510 36001
8 22 31 36 31 30337 36061
8 22 31 36 22 22607 36121
8 24 34 38 34 34697 36181
8 24 34 38 24 24087 36241
8 21 31 38 31 30334 36301
8 21 29 38 29 28594 36361
8 21 31 38 31 30334 36601
8 21 32 38 32 31748 36721
8 21 29 38 29 28594 36781
8 21 30 38 30 29506 36901
8 21 29 38 29 28594 37021
8 21 31 38 31 30334 37141
8 12 24 34 12 14650 41761
8 12 24 34 24 24042 43561
8 12 24 34 34 34611 43621
8 12 30 36 36 37463 43741
8 12 30 36 30 29450 43861
8 12 24 34 24 24042 44401
8 12 24 34 34 34611 44461
8 12 30 36 36 37463 44581
8 12 30 36 30 29450 44701
8 12 30 36 36 37463 44731
8 12 30 36 30 29450 44791
8 12 31 36 31 30287 45181
10 18 26 32 26 25792 45241
10 20 28 32 20 21240 45301
10 20 28 32 32 31897 45361
10 20 28 32 28 27728 45421
10 14 29 34 29 28660 45571
10 14 29 34 29 28660 45631
10 14 29 34 14 16533 45661
10 14 29 34 10 12093 45691
6 13 27 34 6 7234 45751
6 13 27 34 27 26426 45781
6 13 21 34 21 21786 45841
6 13 24 34 24 23942 46081
6 13 24 34 34 34421 46141
6 13 24 36 36 37273 46261
10 24 33 39 39 43010 46381
10 24 33 39 33 33397 46441
10 24 33 39 24 24162 46921
10 24 34 39 34 34848 46981
10 18 30 36 36 37664 47101
10 18 30 36 30 29600 47161
10 18 29 39 29 28693 47221
10 18 29 39 39 42967 47281
10 18 30 36 36 37664 47341
10 18 30 34 34 34824 47401
10 18 30 34 30 29598 47461
10 18 29 34 29 28688 47521
10 18 27 34 27 26706 47581
10 18 31 35 31 30421 47641
10 18 26 32 26 25792 47761
10 20 28 32 20 21240 47821
10 20 28 32 32 31897 47881
10 20 28 32 28 27728 47941
10 23 31 35 23 23394 48091
10 23 31 35 23 23394 48121
10 19 27 34 27 26714 48181
10 19 27 34 19 20514 48211
10 19 27 34 34 34827 48241
10 19 27 34 27 26714 48301
10 19 27 34 27 26714 48421
10 19 28 36 28 27724 48481
10 19 28 36 36 37668 48781
10 19 28 33 33 33375 48841
10 19 28 33 28 27721 48901
10 19 27 33 27 26713 48961
10 19 28 33 28 27721 49021
10 16 34 39 39 42951 49741
10 16 34 39 34 34811 49801
10 16 31 39 31 30415 49861
10 16 27 33 33 33353 49921
10 16 27 33 27 26689 50101
10 16 28 33 28 27697 50281
10 16 31 35 31 30411 50521
10 16 28 35 28 27699 50641
10 16 24 35 24 24151 50761
10 19 27 35 27 26715 50881
10 19 27 35 19 20515 51061
11 23 32 38 38 41121 51241