0 10 22 39 22 22031 1
0 10 22 39 22 22031 31
0 10 22 39 22 22031 61
0 10 22 39 22 22031 91
0 10 22 39 22 22031 121
0 10 22 39 22 22031 141
0 10 22 39 22 22031 161
0 10 22 39 22 22031 3841
0 10 22 39 39 41171 3871
0 10 26 39 26 25023 3901
0 10 26 39 10 11295 3931
0 10 24 39 24 23455 3961
0 10 24 39 10 11279 3991
0 10 24 39 24 23455 4021
0 10 24 39 24 23455 4051
0 10 24 39 10 11279 4081
0 10 25 39 39 41174 4111
0 10 26 39 26 25023 4141
0 10 26 39 10 11295 4171
0 10 24 39 24 23455 4201
0 10 24 39 10 11279 4231
0 10 24 39 24 23455 4261
0 10 24 39 24 23455 4291
0 10 24 39 10 11279 4321
0 10 25 39 39 41174 4351
0 10 26 39 26 25023 4381
0 10 26 39 10 11295 4411
0 10 24 39 24 23455 4441
0 10 24 39 10 11279 4471
0 10 24 39 24 23455 4501
0 10 24 39 24 23455 4531
0 10 24 39 10 11279 4561
0 10 25 39 39 41174 4591
0 10 26 39 26 25023 4621
0 10 26 39 10 11295 4651
0 10 24 39 24 23455 4681
0 10 24 39 10 11279 4711
0 10 24 39 24 23455 4741
0 10 24 39 24 23455 4771
0 10 24 39 10 11279 4801
0 10 25 39 39 41174 4831
0 10 26 39 26 25023 4861
0 10 26 39 10 11295 4891
0 10 24 39 24 23455 4921
0 10 24 39 10 11279 4951
0 10 24 39 24 23455 4981
0 10 24 39 24 23455 5011
0 10 24 39 10 11279 5041
0 10 25 39 39 41174 5071
0 10 26 39 26 25023 5101
0 10 26 39 10 11295 5131
0 10 24 39 24 23455 5161
0 10 24 39 10 11279 5191
0 10 24 39 24 23455 5221
0 10 24 39 24 23455 5251
0 10 24 39 10 11279 5281
0 10 25 39 39 41174 5311
0 10 26 39 26 25023 5341
0 10 26 39 10 11295 5371
0 10 24 39 24 23455 5401
0 10 24 39 10 11279 5431
0 10 24 39 24 23455 5461
0 10 24 39 24 23455 5491
0 10 24 39 10 11279 5521
0 10 25 39 39 41174 5551
0 10 26 39 26 25023 5581
0 10 26 39 10 11295 5611
0 10 24 39 24 23455 5641
0 10 24 39 10 11279 5671
0 10 24 39 24 23455 5701
0 10 24 39 24 23455 5731
0 10 24 39 10 11279 5761
0 10 25 39 39 41174 5791
0 10 26 39 26 25023 5821
0 10 26 39 10 11295 5851
0 10 24 39 24 23455 5881
0 10 24 39 10 11279 5911
0 10 24 39 24 23455 5941
0 10 24 39 24 23455 5971
0 10 24 39 10 11279 6001
0 10 25 39 39 41174 6031
0 10 26 39 26 25023 6061
0 10 26 39 10 11295 6091
0 10 24 39 24 23455 6121
0 10 24 39 10 11279 6151
0 10 24 39 24 23455 6181
0 10 24 39 24 23455 6211
0 10 24 39 10 11279 6241
0 10 25 39 39 41174 6271
0 10 26 39 26 25023 6301
0 10 26 39 10 11295 6331
0 10 24 39 24 23455 6361
0 10 24 39 10 11279 6391
0 10 24 39 24 23455 6421
0 10 24 39 24 23455 6451
0 10 24 39 0 303 6481
0 16 29 39 29 27846 6511
0 16 29 39 16 17518 6541
0 16 29 39 0 870 6571
0 12 26 39 26 25039 6601
0 12 26 39 12 13871 6631
0 12 26 39 26 25039 6661
0 11 26 39 26 25031 6691
0 10 26 39 10 11295 6721
0 10 26 39 39 41175 6751
0 10 26 39 26 25023 6781
0 10 26 39 10 11295 6811
0 10 24 39 24 23455 6841
0 10 24 39 10 11279 6871
0 10 24 39 24 23455 6901
0 10 24 39 24 23455 6931
0 10 24 39 10 11279 6961
0 10 25 39 39 41174 6991
0 10 26 39 26 25023 7021
0 10 26 39 10 11295 7051
0 10 24 39 24 23455 7081
0 10 24 39 10 11279 7111
0 10 24 39 24 23455 7141
0 10 24 39 24 23455 7171
0 10 24 39 10 11279 7201
0 10 25 39 39 41174 7231
0 10 26 39 26 25023 7261
0 10 26 39 10 11295 7291
0 10 24 39 24 23455 7321
0 10 24 39 10 11279 7351
0 10 24 39 24 23455 7381
0 10 24 39 24 23455 7411
0 10 24 39 10 11279 7441
0 10 25 39 39 41174 7471
0 10 26 39 26 25023 7501
0 10 26 39 10 11295 7531
0 10 24 39 24 23455 7561
0 10 24 39 10 11279 7591
0 10 24 39 24 23455 7621
0 10 24 39 24 23455 7651
0 10 24 39 10 11279 7681
0 10 25 39 39 41174 7711
0 10 26 39 26 25023 7741
0 10 26 39 10 11295 7771
0 10 24 39 24 23455 7801
0 10 24 39 10 11279 7831
0 10 24 39 24 23455 7861
0 10 24 39 24 23455 7891
0 10 24 39 10 11279 7921
0 10 25 39 39 41174 7951
0 10 26 39 26 25023 7981
0 10 26 39 10 11295 8011
0 10 24 39 24 23455 8041
0 10 24 39 10 11279 8071
0 10 24 39 24 23455 8101
0 10 24 39 24 23455 8131
0 10 24 39 10 11279 8161
0 10 25 39 39 41174 8191
0 10 26 39 26 25023 8221
0 10 26 39 10 11295 8251
0 10 24 39 24 23455 8281
0 10 24 39 10 11279 8311
0 10 24 39 24 23455 8341
0 10 24 39 24 23455 8371
0 10 24 39 10 11279 8401
0 10 25 39 39 41174 8431
0 10 26 39 26 25023 8461
0 10 26 39 10 11295 8491
0 10 24 39 24 23455 8521
0 10 24 39 10 11279 8551
0 10 24 39 24 23455 8581
0 10 24 39 24 23455 8611
0 10 24 39 10 11279 8641
0 10 25 39 39 41174 8671
0 10 26 39 26 25023 8701
0 10 26 39 10 11295 8731
0 10 24 39 24 23455 8761
0 10 24 39 10 11279 8791
0 10 24 39 24 23455 8821
0 10 24 39 24 23455 8851
0 10 24 39 10 11279 8881
0 10 25 39 39 41174 8911
0 10 26 39 26 25023 8941
0 10 26 39 10 11295 8971
0 10 24 39 24 23455 9001
0 10 24 39 10 11279 9031
0 10 24 39 24 23455 9061
0 10 24 39 24 23455 9091
0 10 24 39 10 11279 9121
0 10 25 39 39 41174 9151
0 10 26 39 26 25023 9181
0 10 26 39 10 11295 9211
0 10 24 39 24 23455 9241
0 10 24 39 10 11279 9271
0 10 24 39 24 23455 9301
0 10 24 39 24 23455 9331
0 10 24 39 10 11279 9361
0 10 25 39 39 41174 9391
0 10 26 39 26 25023 9421
0 10 26 39 10 11295 9451
0 10 24 39 24 23455 9481
0 10 24 39 10 11279 9511
0 10 24 39 24 23455 9541
0 10 24 39 24 23455 9571
0 10 24 39 10 11279 9601
0 10 25 39 39 41174 9631
0 10 26 39 26 25023 9661
0 10 26 39 10 11295 9691
0 10 24 39 24 23455 9721
0 10 24 39 10 11279 9751
0 10 24 39 24 23455 9781
0 10 24 39 24 23455 9811
0 10 24 39 10 11279 9841
0 10 25 39 39 41174 9871
0 10 26 39 26 25023 9901
0 10 26 39 10 11295 9931
0 10 24 39 24 23455 9961
0 10 24 39 10 11279 9991
0 10 24 39 24 23455 10021
0 10 24 39 24 23455 10051
0 10 24 39 10 11279 10081
0 10 25 39 39 41174 10111
0 10 26 39 26 25023 10141
0 10 26 39 10 11295 10171
0 10 24 39 24 23455 10201
0 10 24 39 10 11279 10231
0 10 24 39 24 23455 10261
0 10 24 39 24 23455 10291
0 10 24 39 10 11279 10321
0 10 25 39 39 41174 10351
0 10 26 39 26 25023 10381
0 10 26 39 10 11295 10411
0 10 24 39 24 23455 10441
0 10 24 39 10 11279 10471
0 10 24 39 24 23455 10501
0 10 24 39 24 23455 10531
0 10 24 39 39 41173 10561
0 10 27 39 27 25855 10621
0 10 27 39 27 25855 10651
0 10 29 39 29 27804 10711
0 10 29 39 29 27804 10771
0 10 29 39 29 27804 10801
0 10 31 39 31 29690 10861
0 10 31 39 31 29690 10921
0 10 31 39 31 29690 10951
0 10 27 39 27 25855 11011
0 10 27 39 27 25855 11071
0 10 27 39 27 25855 11101
0 10 29 39 29 27804 11161
0 10 29 39 29 27804 11221
0 10 29 39 29 27804 11251
0 10 31 39 31 29690 11311
0 10 31 39 31 29690 11371
0 10 31 39 31 29690 11401
7 21 34 38 34 34596 11521
7 21 34 38 7 8521 11551
7 21 34 38 21 21869 11581
7 21 34 38 34 34596 11611
5 19 34 38 19 20309 11641
5 19 33 38 33 32888 11671
5 19 33 38 5 6739 11701
5 19 33 38 19 20307 11731
5 19 33 38 33 32888 11761
2 17 33 38 17 18511 11791
2 17 31 38 31 29884 11821
2 17 31 38 2 3268 11851
2 17 31 38 17 18504 11881
2 17 31 38 31 29884 11911
2 17 31 38 2 3268 11941
2 17 31 38 31 29884 11971
3 17 31 38 3 4432 12001
3 17 31 38 17 18580 12031
3 17 31 38 31 29964 12061
3 15 31 38 15 16852 12091
5 15 29 33 33 32856 12121
5 15 29 33 5 6492 12151
5 19 29 33 19 20284 12181
5 19 29 33 33 32886 12211
5 19 29 33 29 28344 12241
7 21 29 34 34 34594 12271
7 21 29 34 7 8497 12301
7 21 29 34 21 21845 12331
7 21 29 34 34 34594 12361
7 21 29 34 34 34594 12481
7 17 31 39 31 30255 13441
7 17 31 39 17 18845 13471
7 17 31 39 39 42607 13501
7 24 34 39 24 24038 13531
7 24 34 39 24 24038 13801
7 24 34 39 39 42659 13831
7 19 34 39 19 20422 13861
7 19 34 39 34 34588 13891
7 19 33 39 33 33126 13951
7 19 33 39 19 20420 13981
7 19 33 39 33 33126 14011
7 17 31 39 31 30255 14071
7 17 31 39 17 18845 14101
7 17 31 39 31 30255 14131
7 15 29 39 29 28483 14191
7 15 29 39 15 17146 14221
7 15 29 39 29 28483 14251
7 15 27 39 27 26519 14311
7 17 31 39 31 30255 14401
7 17 31 39 17 18845 14431
7 17 31 39 39 42607 14461
7 24 34 39 24 24038 14491
7 24 34 39 24 24038 14761
7 24 34 39 39 42659 14791
7 19 34 39 19 20422 14821
7 19 34 39 34 34588 14851
7 19 33 39 33 33126 14911
7 19 33 39 19 20420 14941
7 19 33 39 33 33126 14971
7 17 31 39 31 30255 15031
7 17 31 39 17 18845 15061
7 17 31 39 31 30255 15091
7 15 29 39 29 28483 15151
7 15 29 39 15 17146 15181
7 15 29 39 29 28483 15211
7 15 27 39 27 26519 15271
7 17 31 39 31 30255 15361
7 17 31 39 17 18845 15391
7 17 31 39 39 42607 15421
7 24 34 39 24 24038 15451
7 24 34 39 24 24038 15721
7 24 34 39 39 42659 15751
7 19 34 39 19 20422 15781
7 19 34 39 34 34588 15811
7 19 33 39 33 33126 15871
7 19 33 39 19 20420 15901
7 19 33 39 33 33126 15931
7 17 31 39 31 30255 15991
7 17 31 39 17 18845 16021
7 17 31 39 31 30255 16051
7 15 29 39 29 28483 16111
7 15 29 39 15 17146 16141
7 15 29 39 29 28483 16171
7 15 27 39 27 26519 16231
7 17 31 39 31 30255 16321
7 17 31 39 17 18845 16351
7 17 31 39 39 42607 16381
7 24 34 39 24 24038 16411
7 24 34 39 24 24038 16681
7 24 34 39 39 42659 16711
7 19 34 39 19 20422 16741
7 19 34 39 34 34588 16771
7 19 33 39 33 33126 16831
7 19 33 39 19 20420 16861
7 19 33 39 33 33126 16891
7 17 31 39 31 30255 16951
7 17 31 39 17 18845 16981
7 17 31 39 31 30255 17011
7 15 29 39 29 28483 17071
7 15 29 39 15 17146 17101
7 15 29 39 29 28483 17131
7 15 27 39 27 26519 17191
7 17 31 39 31 30255 17281
7 17 31 39 17 18845 17311
7 17 31 39 39 42607 17341
7 24 34 39 24 24038 17371
7 24 34 39 24 24038 17641
7 24 34 39 39 42659 17671
7 19 34 39 19 20422 17701
7 19 34 39 34 34588 17731
7 19 33 39 33 33126 17791
7 19 33 39 19 20420 17821
7 19 33 39 33 33126 17851
7 17 31 39 31 30255 17911
7 17 31 39 17 18845 17941
7 17 31 39 31 30255 17971
7 15 29 39 29 28483 18031
7 15 29 39 15 17146 18061
7 15 29 39 29 28483 18091
7 15 27 39 27 26519 18151
7 17 31 39 31 30255 18241
7 17 31 39 17 18845 18271
7 17 31 39 39 42607 18301
7 24 34 39 24 24038 18331
7 24 34 39 24 24038 18601
7 24 34 39 39 42659 18631
7 19 34 39 19 20422 18661
7 19 34 39 34 34588 18691
7 19 33 39 33 33126 18751
7 19 33 39 19 20420 18781
7 19 33 39 33 33126 18811
7 17 31 39 31 30255 18871
7 17 31 39 17 18845 18901
7 17 31 39 31 30255 18931
7 15 29 39 29 28483 18991
7 15 29 39 15 17146 19021
7 15 29 39 29 28483 19051
7 15 27 39 27 26519 19111
7 17 31 39 31 30255 19201
7 17 31 39 17 18845 19231
7 17 31 39 39 42607 19261
7 24 34 39 24 24038 19291
7 24 34 39 24 24038 19351
7 24 34 39 24 24038 19411
7 24 34 39 24 24038 19561
7 24 34 39 39 42659 19591
7 19 34 39 19 20422 19621
7 19 34 39 34 34588 19651
7 19 33 39 33 33126 19711
7 19 33 39 19 20420 19741
7 19 33 39 33 33126 19771
7 17 31 39 31 30255 19831
7 17 31 39 17 18845 19861
7 17 31 39 31 30255 19891
7 15 29 39 29 28483 19951
7 15 29 39 15 17146 19981
7 15 29 39 29 28483 20011
7 15 27 39 27 26519 20071
7 17 31 39 31 30255 20161
7 17 31 39 17 18845 20191
7 17 31 39 39 42607 20221
7 24 34 39 24 24038 20251
7 24 34 39 24 24038 20311
7 24 34 39 24 24038 20371
7 24 34 39 24 24038 20521
7 24 34 39 39 42659 20551
7 19 34 39 19 20422 20581
7 19 34 39 34 34588 20611
7 19 33 39 33 33126 20671
7 19 33 39 19 20420 20701
7 19 33 39 33 33126 20731
7 17 31 39 31 30255 20791
7 17 31 39 17 18845 20821
7 17 31 39 31 30255 20851
7 15 29 39 29 28483 20911
7 15 29 39 15 17146 20941
7 15 29 39 29 28483 20971
7 15 27 39 27 26519 21031
7 17 31 39 31 30255 21121
7 17 31 39 17 18845 21151
7 17 31 39 39 42607 21181
7 24 34 39 24 24038 21211
7 24 34 39 24 24038 21271
7 24 34 39 24 24038 21331
7 24 34 39 24 24038 21481
7 24 34 39 39 42659 21511
7 19 34 39 19 20422 21541
7 19 34 39 34 34588 21571
7 19 33 39 33 33126 21631
7 19 33 39 19 20420 21661
7 19 33 39 33 33126 21691
7 17 31 39 31 30255 21751
7 17 31 39 17 18845 21781
7 17 31 39 31 30255 21811
7 15 29 39 29 28483 21871
7 15 29 39 15 17146 21901
7 15 29 39 29 28483 21931
7 15 27 39 27 26519 21991
7 17 31 39 31 30255 22081
7 17 31 39 17 18845 22111
7 17 31 39 39 42607 22141
7 24 34 39 24 24038 22171
7 24 34 39 24 24038 22231
7 24 34 39 24 24038 22291
7 24 34 39 24 24038 22441
7 24 34 39 39 42659 22471
7 19 34 39 19 20422 22501
7 19 34 39 34 34588 22531
7 19 33 39 33 33126 22591
7 19 33 39 19 20420 22621
7 19 33 39 33 33126 22651
7 17 31 39 31 30255 22711
7 17 31 39 17 18845 22741
7 17 31 39 31 30255 22771
7 15 29 39 29 28483 22831
7 15 29 39 15 17146 22861
7 15 29 39 29 28483 22891
7 15 27 39 27 26519 22951
8 22 30 36 36 37538 23041
8 22 30 36 22 22602 23071
8 22 30 36 8 9838 23101
8 21 29 36 29 28592 23131
8 21 29 36 29 28592 23191
8 21 29 36 29 28592 23251
8 21 29 36 29 28592 23401
8 21 29 36 8 9811 23431
8 24 32 39 24 24083 23461
8 24 32 39 39 42790 23491
8 24 32 38 38 40853 23551
8 24 32 38 24 24082 23581
8 24 32 38 38 40853 23611
8 22 30 36 36 37538 23671
8 22 30 36 22 22602 23701
8 22 30 36 36 37538 23731
8 20 30 34 34 34685 23791
8 20 30 34 20 21183 23821
8 20 30 34 34 34685 23851
8 22 32 36 32 31750 23911
8 22 32 36 36 37540 24001
8 22 32 36 22 22611 24031
8 22 32 36 8 9847 24061
8 21 29 36 29 28592 24091
8 21 29 36 29 28592 24151
8 21 29 36 29 28592 24211
8 21 29 36 29 28592 24361
8 21 29 36 8 9811 24391
8 24 32 39 24 24083 24421
8 24 32 39 39 42790 24451
8 24 32 38 38 40853 24511
8 24 32 38 24 24082 24541
8 24 32 38 38 40853 24571
8 22 32 36 36 37540 24631
8 22 32 36 22 22611 24661
8 22 32 36 36 37540 24691
8 20 34 39 34 34687 24751
8 20 34 39 20 21202 24781
8 20 34 39 34 34687 24811
8 17 32 39 32 31727 24871
8 17 31 39 31 30315 24961
8 17 31 39 17 18905 24991
8 17 31 39 39 42740 25021
8 24 34 39 24 24088 25051
8 24 34 39 24 24088 25111
8 24 34 39 24 24088 25171
8 24 34 39 24 24088 25321
8 24 34 39 39 42792 25351
8 19 34 39 19 20466 25381
8 19 34 39 34 34682 25411
8 19 33 39 33 33223 25471
8 19 33 39 19 20464 25501
8 19 33 39 33 33223 25531
8 17 31 39 31 30315 25591
8 17 31 39 17 18905 25621
8 17 31 39 31 30315 25651
8 15 29 39 29 28553 25711
8 15 29 39 15 17222 25741
8 15 29 39 29 28553 25771
8 15 27 39 27 26583 25831
8 17 31 39 31 30315 25921
8 17 31 39 17 18905 25951
8 17 31 39 39 42740 25981
10 24 34 39 24 24164 26011
10 24 34 39 24 24164 26071
10 24 34 39 24 24164 26131
10 24 34 39 24 24164 26281
10 24 34 39 39 43011 26311
10 19 34 39 19 20554 26341
10 19 34 39 34 34832 26371
10 19 33 39 33 33379 26431
10 19 33 39 19 20552 26461
10 19 33 39 33 33379 26491
10 19 33 39 33 33379 26551
10 19 33 39 10 12416 26581
10 24 34 38 24 24163 26611
10 24 34 38 24 24163 26671
10 24 34 38 38 41049 26701
10 24 34 38 34 34847 26731
7 19 27 33 33 33121 26791
7 19 27 33 19 20381 26821
7 19 27 33 27 26545 26881
7 19 27 33 27 26545 26941
7 19 27 33 27 26545 26971
7 19 29 33 29 28505 27031
7 19 29 33 29 28505 27091
7 19 29 33 29 28505 27121
7 19 31 35 31 30261 27181
7 19 31 35 31 30261 27241
7 19 31 35 31 30261 27271
7 19 27 35 27 26547 27331
7 19 27 35 27 26547 27391
7 19 27 35 27 26547 27421
7 19 29 35 29 28507 27481
7 19 29 35 29 28507 27541
7 19 29 35 29 28507 27571
7 19 31 35 31 30261 27631
7 19 31 35 31 30261 27691
7 19 31 35 31 30261 27721
7 21 29 34 34 34594 27841
7 21 29 34 7 8497 27871
7 21 29 34 21 21845 27901
7 21 29 34 34 34594 27931
5 19 29 34 19 20285 27961
5 19 29 33 33 32886 27991
5 19 29 33 5 6716 28021
5 19 29 33 19 20284 28051
5 19 29 33 33 32886 28081
5 17 29 33 17 18708 28111
2 17 31 35 31 29881 28141
2 17 31 35 2 3265 28171
2 17 31 35 17 18501 28201
2 17 31 35 31 29881 28231
2 17 31 35 2 3265 28261
2 17 31 35 31 29881 28291
3 17 31 35 3 4429 28321
3 17 31 35 17 18577 28351
3 17 31 35 31 29961 28381
3 15 31 35 15 16849 28411
5 15 29 33 33 32856 28441
5 15 29 33 5 6492 28471
5 19 29 33 19 20284 28501
5 19 29 33 33 32886 28531
5 19 29 33 29 28344 28561
7 21 29 34 34 34594 28591
7 21 29 34 7 8497 28621
7 21 29 34 21 21845 28651
7 21 29 34 34 34594 28681
2 15 31 35 31 29871 28801
2 15 31 35 15 16773 28831
2 15 31 35 31 29871 28861
2 15 31 35 15 16773 28891
2 15 29 33 2 3124 28921
2 15 29 33 33 32398 28951
2 15 29 33 29 28029 28981
2 15 29 33 33 32398 29011
2 15 29 33 29 28029 29041
2 15 29 33 15 16760 29071
2 15 31 35 31 29871 29101
2 15 31 35 15 16773 29131
2 15 31 35 31 29871 29161
2 15 31 35 15 16773 29191
2 15 29 33 2 3124 29221
2 15 29 33 33 32398 29251
2 15 29 33 29 28029 29281
2 15 29 33 33 32398 29311
2 15 29 33 29 28029 29341
2 15 29 33 15 16760 29371
2 15 31 35 31 29871 29401
2 15 31 35 31 29871 29761
2 15 31 35 15 16773 29791
2 15 31 35 31 29871 29821
2 15 31 35 15 16773 29851
2 15 29 33 2 3124 29881
2 15 29 33 33 32398 29911
2 15 29 33 29 28029 29941
2 15 29 33 33 32398 29971
2 15 29 33 29 28029 30001
2 15 29 33 15 16760 30031
2 15 31 35 31 29871 30061
2 15 31 35 15 16773 30091
2 15 31 35 31 29871 30121
2 15 31 35 15 16773 30151
2 15 29 33 2 3124 30181
2 15 29 33 33 32398 30211
2 15 29 33 29 28029 30241
2 15 29 33 33 32398 30271
2 15 29 33 29 28029 30301
2 15 29 33 15 16760 30331
2 15 31 35 31 29871 30361
2 15 28 35 28 27027 31201
2 15 28 35 28 27027 31231
2 15 28 35 28 27027 31261
2 15 28 35 28 27027 31291
2 15 28 35 28 27027 31351
2 15 30 35 30 28987 31411
2 15 30 35 30 28987 31471
2 15 30 35 30 28987 31501
2 15 30 35 30 28987 31561
2 15 30 35 30 28987 31591
2 15 30 35 30 28987 31621
2 15 26 35 26 25235 31681
2 15 26 35 26 25235 31741
2 15 26 35 26 25235 31771
2 15 26 35 26 25235 31831
2 15 28 35 28 27027 31891
2 15 28 35 28 27027 31951
2 15 28 35 28 27027 31981
2 15 28 35 28 27027 32041
2 15 28 35 28 27027 32071
2 15 28 35 28 27027 32101
2 15 28 35 28 27027 32161
2 15 28 35 28 27027 32191
2 15 28 35 28 27027 32221
2 15 28 35 28 27027 32251
2 15 28 35 28 27027 32311
6 21 30 35 30 29365 32371
6 21 30 35 30 29365 32431
6 21 30 35 30 29365 32461
6 21 30 35 30 29365 32521
6 21 30 35 30 29365 32551
6 21 30 35 30 29365 32581
6 21 30 35 35 35922 32641
6 21 30 35 21 21800 32671
6 21 30 35 35 35922 32701
6 21 30 35 21 21800 32731
6 21 30 35 6 7704 32761
6 23 32 36 36 37346 32791
6 23 32 36 23 23227 32821
6 23 32 36 36 37346 32851
6 23 32 36 23 23227 32881
6 23 33 37 33 33028 32911
6 23 33 37 6 7754 32941
6 21 29 35 21 21794 32971
6 21 29 35 35 35921 33001
6 21 29 35 21 21794 33031
6 21 29 35 6 7698 33061
6 20 28 35 28 27459 33091
6 20 28 35 28 27459 33121
6 20 28 35 28 27459 33151
6 20 28 35 28 27459 33181
6 20 28 35 28 27459 33211
6 20 28 35 28 27459 33271
6 20 30 35 30 29359 33331
6 20 30 35 30 29359 33391
6 20 30 35 30 29359 33421
6 20 30 35 30 29359 33481
6 20 30 35 30 29359 33511
6 20 30 35 30 29359 33541
6 18 26 35 26 25587 33601
6 18 26 35 26 25587 33661
6 18 26 35 26 25587 33691
6 18 26 35 26 25587 33751
6 18 28 35 28 27443 33811
6 18 28 35 28 27443 33871
6 18 28 35 28 27443 33901
6 18 28 35 28 27443 33961
6 18 28 35 28 27443 33991
6 18 28 35 28 27443 34021
6 18 28 35 28 27443 34081
6 18 28 35 28 27443 34111
6 18 28 35 28 27443 34141
6 18 28 35 28 27443 34171
6 18 28 35 28 27443 34231
6 21 30 35 30 29365 34291
6 21 30 35 30 29365 34351
6 21 30 35 30 29365 34381
6 21 30 35 30 29365 34441
6 21 30 35 30 29365 34471
6 21 30 35 30 29365 34501
6 21 30 35 35 35922 34561
6 21 30 35 21 21800 34591
6 21 30 35 35 35922 34621
6 21 30 35 21 21800 34651
6 21 30 35 6 7704 34681
6 23 32 36 36 37346 34711
6 23 32 36 23 23227 34741
6 23 32 36 36 37346 34771
6 23 32 36 23 23227 34801
6 23 33 37 33 33028 34831
6 23 33 37 6 7754 34861
6 21 30 35 21 21800 34891
6 21 30 35 35 35922 34921
6 21 30 35 21 21800 34951
6 21 30 35 30 29365 34981
6 16 30 35 16 17928 35011
6 16 30 35 35 35892 35041
6 21 31 35 21 21805 35071
6 21 31 35 35 35923 35101
6 21 31 35 21 21805 35131
6 21 31 35 6 7709 35161
6 23 32 36 36 37346 35191
6 23 32 36 23 23227 35221
6 23 32 36 36 37346 35251
6 23 32 36 23 23227 35281
6 23 33 37 33 33028 35311
6 23 33 37 6 7754 35341
6 21 30 35 21 21800 35371
6 21 30 35 35 35922 35401
6 21 30 35 21 21800 35431
6 21 30 35 30 29365 35461
6 16 30 35 16 17928 35491
6 16 30 35 35 35892 35521
6 21 30 35 21 21800 35551
6 21 30 35 35 35922 35581
6 21 30 35 21 21800 35611
6 21 30 35 6 7704 35641
6 21 30 36 36 37339 35671
9 23 31 36 23 23364 35701
9 23 31 36 36 37619 35731
9 23 31 36 23 23364 35761
9 23 31 35 9 11193 35791
9 23 31 35 35 36205 35821
6 21 31 35 21 21805 35851
6 21 31 35 35 35923 35881
6 21 31 35 21 21805 35911
6 21 31 35 6 7709 35941
6 23 32 36 36 37346 35971
6 23 32 36 23 23227 36001
6 23 32 36 36 37346 36031
6 23 32 36 23 23227 36061
6 23 33 37 33 33028 36091
6 19 33 38 33 33014 36121
6 19 33 38 19 20367 36151
6 19 33 38 6 7655 36181
6 21 34 38 34 34488 36211
6 21 34 38 21 21817 36241
7 21 32 36 7 8514 36271
7 21 32 36 36 37446 36301
9 22 32 36 22 22648 36331
9 22 32 36 9 11183 36361
9 24 32 38 38 40957 36391
9 24 32 38 24 24124 36421
10 24 32 38 10 12522 36451
10 24 32 39 39 43009 36481
4 18 31 39 39 42112 36511
4 18 31 39 4 5649 36541
4 18 31 39 18 19465 36571
3 18 31 39 31 29970 36601
3 17 31 39 3 4433 36631
3 17 31 39 17 18581 36661
3 17 31 39 31 29965 36691
3 17 31 39 3 4433 36721
3 21 34 38 34 34071 36751
3 21 34 38 21 21613 36781
5 21 31 38 5 6796 36811
5 21 31 38 31 30139 36841
3 17 31 38 3 4432 36871
3 17 31 38 17 18580 36901
3 17 31 38 31 29964 36931
3 15 31 38 15 16852 36961
3 15 31 38 38 40025 36991
3 24 34 38 24 23757 37021
3 24 34 38 34 34078 37051
3 19 34 38 19 20165 37081
3 19 34 38 3 4537 37111
3 17 31 38 17 18580 37141
3 17 31 38 31 29964 37171
3 17 31 38 3 4432 37201
3 21 30 34 34 34070 37231
3 21 30 34 21 21595 37261
5 21 31 35 5 6793 37291
5 21 31 35 31 30136 37321
3 17 31 35 3 4429 37351
3 17 31 35 17 18577 37381
3 17 31 35 31 29961 37411
3 17 31 35 3 4429 37441
3 21 30 34 34 34070 37471
3 21 30 34 21 21595 37501
5 21 31 35 5 6793 37531
5 21 31 35 31 30136 37561
3 17 31 35 3 4429 37591
3 17 31 35 17 18577 37621
3 17 31 35 31 29961 37651
3 17 31 35 3 4429 37681
3 21 30 34 34 34070 37711
3 21 30 34 21 21595 37741
5 21 31 35 5 6793 37771
5 21 31 35 31 30136 37801
3 17 31 35 3 4429 37831
3 17 31 35 17 18577 37861
3 17 31 35 31 29961 37891
3 17 31 35 3 4429 37921
3 21 30 34 34 34070 37951
3 21 30 34 21 21595 37981
5 21 31 35 5 6793 38011
5 21 31 35 31 30136 38041
3 17 31 35 3 4429 38071
3 17 31 35 17 18577 38101
3 17 31 35 31 29961 38131
3 17 31 35 3 4429 38161
3 21 30 34 34 34070 38191
3 21 30 34 21 21595 38221
5 21 31 35 5 6793 38251
5 21 31 35 31 30136 38281
3 17 31 35 3 4429 38311
3 17 31 35 17 18577 38341
3 17 31 35 31 29961 38371
3 17 31 35 3 4429 38401
3 21 30 34 34 34070 38431
3 21 30 34 21 21595 38461
5 21 31 35 5 6793 38491
5 21 31 35 31 30136 38521
3 17 31 35 3 4429 38551
3 17 31 35 17 18577 38581
3 17 31 35 31 29961 38611
3 17 31 35 3 4429 38641
3 21 30 34 34 34070 38671
3 21 30 34 21 21595 38701
5 21 31 35 5 6793 38731
5 21 31 35 31 30136 38761
3 17 31 35 3 4429 38791
3 17 31 35 17 18577 38821
3 17 31 35 31 29961 38851
3 17 31 35 3 4429 38881
3 21 30 34 34 34070 38911
3 21 30 34 21 21595 38941
5 21 31 35 5 6793 38971
5 21 31 35 31 30136 39001
3 17 31 35 3 4429 39031
3 17 31 35 17 18577 39061
3 17 31 35 31 29961 39091
3 17 31 35 3 4429 39121
3 21 30 34 34 34070 39151
3 21 30 34 21 21595 39181
5 21 31 35 5 6793 39211
5 21 31 35 31 30136 39241
3 17 31 35 3 4429 39271
3 17 31 35 17 18577 39301
3 17 31 35 31 29961 39331
3 17 31 35 3 4429 39361
3 21 30 34 34 34070 39391
3 21 30 34 21 21595 39421
5 21 31 35 5 6793 39451
5 21 31 35 31 30136 39481
3 17 31 35 3 4429 39511
3 17 31 35 17 18577 39541
3 17 31 35 31 29961 39571
3 17 31 35 3 4429 39601
3 21 30 34 34 34070 39631
3 21 30 34 21 21595 39661
5 21 31 35 5 6793 39691
5 21 31 35 31 30136 39721
3 17 31 35 3 4429 39751
3 17 31 35 17 18577 39781
3 17 31 35 31 29961 39811
3 17 31 35 3 4429 39841
3 21 30 34 34 34070 39871
3 21 30 34 21 21595 39901
5 21 31 35 5 6793 39931
5 21 31 35 31 30136 39961
3 17 31 35 3 4429 39991
3 17 31 35 17 18577 40021
3 17 31 35 31 29961 40051
3 17 31 35 3 4429 40081
3 21 30 34 34 34070 40111
3 21 30 34 21 21595 40141
5 21 31 35 5 6793 40171
5 21 31 35 31 30136 40201
3 17 31 35 3 4429 40231
3 17 31 35 17 18577 40261
3 17 31 35 31 29961 40291
3 17 31 35 3 4429 40321
3 21 30 34 34 34070 40351
3 21 30 34 21 21595 40381
5 21 31 35 5 6793 40411
5 21 31 35 31 30136 40441
3 17 31 35 3 4429 40471
3 17 31 35 17 18577 40501
3 17 31 35 31 29961 40531
3 17 31 35 3 4429 40561
3 21 30 34 34 34070 40591
3 21 30 34 21 21595 40621
5 21 31 35 5 6793 40651
5 21 31 35 31 30136 40681
3 17 31 35 3 4429 40711
3 17 31 35 17 18577 40741
3 17 31 35 31 29961 40771
3 17 31 35 3 4429 40801
3 21 30 34 34 34070 40831
3 21 30 34 21 21595 40861
5 21 31 35 5 6793 40891
5 21 31 35 31 30136 40921
3 17 31 35 3 4429 40951
3 17 31 35 17 18577 40981
3 17 31 35 31 29961 41011
3 17 31 35 3 4429 41041
3 21 30 34 34 34070 41071
3 21 30 34 21 21595 41101
5 21 31 35 5 6793 41131
5 21 31 35 31 30136 41161
3 17 31 35 3 4429 41191
3 17 31 35 17 18577 41221
3 17 31 35 31 29961 41251
3 17 31 35 3 4429 41281
3 21 30 34 34 34070 41311
3 21 30 34 21 21595 41341
5 21 31 35 5 6793 41371
5 21 31 35 31 30136 41401
3 17 31 35 3 4429 41431
3 17 31 35 17 18577 41461
3 17 31 35 31 29961 41491
3 17 31 35 3 4429 41521
3 21 30 34 34 34070 41551
3 21 30 34 21 21595 41581
5 21 31 35 5 6793 41611
5 21 31 35 31 30136 41641
3 17 31 35 3 4429 41671
3 17 31 35 17 18577 41701
3 17 31 35 31 29961 41731
3 17 31 35 3 4429 41761
3 21 30 34 34 34070 41791
3 21 30 34 21 21595 41821
5 21 31 35 5 6793 41851
5 21 31 35 31 30136 41881
3 17 31 35 3 4429 41911
3 17 31 35 17 18577 41941
3 17 31 35 31 29961 41971
3 17 31 35 3 4429 42001
3 21 30 34 34 34070 42031
3 21 30 34 21 21595 42061
5 21 31 35 5 6793 42091
5 21 31 35 31 30136 42121
3 17 31 35 3 4429 42151
3 17 31 35 17 18577 42181
3 17 31 35 31 29961 42211
3 17 31 35 3 4429 42241
3 21 30 34 34 34070 42271
3 21 30 34 21 21595 42301
5 21 31 35 5 6793 42331
5 21 31 35 31 30136 42361
3 17 31 35 3 4429 42391
3 17 31 35 17 18577 42421
3 17 31 35 31 29961 42451
3 17 31 35 3 4429 42481
3 21 30 34 34 34070 42511
3 21 30 34 21 21595 42541
5 21 31 35 5 6793 42571
5 21 31 35 31 30136 42601
3 17 31 35 3 4429 42631
3 17 31 35 17 18577 42661
3 17 31 35 31 29961 42691
3 17 31 35 3 4429 42721
3 21 30 34 34 34070 42751
3 21 30 34 21 21595 42781
5 21 31 35 5 6793 42811
5 21 31 35 31 30136 42841
3 17 31 35 3 4429 42871
3 17 31 35 17 18577 42901
3 17 31 35 31 29961 42931
3 17 31 35 3 4429 42961
3 21 30 34 34 34070 42991
3 21 30 34 21 21595 43021
5 21 31 35 5 6793 43051
5 21 31 35 31 30136 43081
3 17 31 35 3 4429 43111
3 17 31 35 17 18577 43141
3 17 31 35 31 29961 43171
3 17 31 35 3 4429 43201
3 21 30 34 34 34070 43231
3 21 30 34 21 21595 43261
5 21 31 35 5 6793 43291
5 21 31 35 31 30136 43321
3 17 31 35 3 4429 43351
3 17 31 35 17 18577 43381
3 17 31 35 31 29961 43411
3 17 31 35 3 4429 43441
3 21 30 34 34 34070 43471
3 21 30 34 21 21595 43501
5 21 31 35 5 6793 43531
5 21 31 35 31 30136 43561
3 17 31 35 3 4429 43591
3 17 31 35 17 18577 43621
3 17 31 35 31 29961 43651
3 17 31 35 3 4429 43681
3 21 30 34 34 34070 43711
3 21 30 34 21 21595 43741
5 21 31 35 5 6793 43771
5 21 31 35 31 30136 43801
3 17 31 35 3 4429 43831
3 17 31 35 17 18577 43861
3 17 31 35 31 29961 43891
3 17 31 35 3 4429 43921
3 21 30 34 34 34070 43951
3 21 30 34 21 21595 43981
5 21 31 35 5 6793 44011
5 21 31 35 31 30136 44041
3 17 31 35 3 4429 44071
3 17 31 35 17 18577 44101
3 17 31 35 31 29961 44131
3 15 31 35 15 16849 44161
3 15 30 34 34 34031 44191
5 21 30 34 21 21739 44221
5 21 30 34 5 6787 44251
5 15 27 35 27 26363 44281
5 15 27 35 27 26363 44401
5 15 27 35 15 16975 44461
5 15 27 35 27 26363 44521
5 15 27 35 27 26363 44641
5 15 27 35 27 26363 44761
5 15 27 35 15 16975 44821
5 15 27 35 27 26363 44881
5 15 27 35 27 26363 45001
5 15 27 35 27 26363 45121
3 17 31 35 31 29961 45241
3 17 31 35 3 4429 45271
3 17 31 35 17 18577 45301
3 17 31 35 31 29961 45331
3 17 31 35 3 4429 45361
3 21 30 34 34 34070 45391
3 21 30 34 21 21595 45421
5 21 31 35 5 6793 45451
5 21 31 35 31 30136 45481
3 17 31 35 3 4429 45511
3 17 31 35 17 18577 45541
3 17 31 35 31 29961 45571
3 17 31 35 3 4429 45601
3 21 30 34 34 34070 45631
3 21 30 34 21 21595 45661
5 21 31 35 5 6793 45691
5 21 31 35 31 30136 45721
3 17 31 35 3 4429 45751
3 17 31 35 17 18577 45781
3 17 31 35 31 29961 45811
3 17 31 35 3 4429 45841
3 21 30 34 34 34070 45871
3 21 30 34 21 21595 45901
5 21 31 35 5 6793 45931
5 21 31 35 31 30136 45961
3 17 31 35 3 4429 45991
3 17 31 35 17 18577 46021
3 17 31 35 31 29961 46051
3 15 31 35 15 16849 46081
3 15 30 34 34 34031 46111
5 21 29 34 21 21733 46141
5 21 29 34 5 6781 46171
5 15 27 34 27 26362 46201
5 15 27 34 27 26362 46321
5 15 27 34 15 16974 46381
5 14 27 34 27 26354 46441
5 14 26 34 26 25482 46561
5 14 26 34 26 25482 46681
5 14 26 34 14 16090 46741
5 14 26 34 26 25482 46801
5 14 27 34 27 26354 46921
3 17 31 35 31 29961 47161
3 17 31 35 3 4429 47191
3 17 31 35 17 18577 47221
3 17 31 35 31 29961 47251
3 17 31 35 3 4429 47281
3 21 30 34 34 34070 47311
3 21 30 34 21 21595 47341
5 21 31 35 5 6793 47371
5 21 31 35 31 30136 47401
3 17 31 35 3 4429 47431
3 17 31 35 17 18577 47461
3 17 31 35 31 29961 47491
3 17 31 35 3 4429 47521
3 21 30 34 34 34070 47551
3 21 30 34 21 21595 47581
5 21 31 35 5 6793 47611
5 21 31 35 31 30136 47641
3 17 31 35 3 4429 47671
3 17 31 35 17 18577 47701
3 17 31 35 31 29961 47731
3 17 31 35 3 4429 47761
3 21 30 34 34 34070 47791
3 21 30 34 21 21595 47821
5 21 31 35 5 6793 47851
5 21 31 35 31 30136 47881
3 17 31 35 3 4429 47911
3 17 31 35 17 18577 47941
3 17 31 35 31 29961 47971
3 15 31 35 15 16849 48001
3 15 30 34 34 34031 48031
5 21 30 34 21 21739 48061
5 21 30 34 5 6787 48091
5 14 27 34 27 26354 48121
5 14 26 34 26 25482 48241
5 14 26 34 14 16090 48301
5 14 27 34 27 26354 48361
5 14 26 34 26 25482 48481
5 14 27 34 27 26354 48601
5 14 26 34 14 16090 48661
5 14 26 34 26 25482 48721
5 14 27 34 27 26354 48841
5 14 26 34 26 25482 48961
3 17 31 35 31 29961 49081
3 17 31 35 3 4429 49111
3 17 31 35 17 18577 49141
3 17 31 35 31 29961 49171
3 17 31 35 3 4429 49201
3 21 30 34 34 34070 49231
3 21 30 34 21 21595 49261
5 21 31 35 5 6793 49291
5 21 31 35 31 30136 49321
3 17 31 35 3 4429 49351
3 17 31 35 17 18577 49381
3 17 31 35 31 29961 49411
3 17 31 35 3 4429 49441
3 21 30 34 34 34070 49471
3 21 30 34 21 21595 49501
5 21 31 35 5 6793 49531
5 21 31 35 31 30136 49561
3 17 31 35 3 4429 49591
3 17 31 35 17 18577 49621
3 17 31 35 31 29961 49651
3 17 31 35 3 4429 49681
3 21 30 34 34 34070 49711
3 21 30 34 21 21595 49741
5 21 31 35 5 6793 49771
5 21 31 35 31 30136 49801
3 17 31 35 3 4429 49831
3 17 31 35 17 18577 49861
3 17 31 35 31 29961 49891
3 15 31 35 15 16849 49921
3 15 30 34 34 34031 49951
5 21 29 34 21 21733 49981
5 21 29 34 5 6781 50011
5 15 27 34 27 26362 50041
5 15 27 34 27 26362 50161
5 15 27 34 15 16974 50221
5 14 27 34 27 26354 50281
5 14 26 34 26 25482 50401
5 14 26 34 26 25482 50521
5 14 26 34 14 16090 50581
5 14 26 34 26 25482 50641
5 14 24 34 24 23884 50761
5 14 25 34 25 24664 50821
5 14 26 34 26 25482 50881
5 14 27 34 27 26354 50941
5 14 28 34 28 27322 51001
5 14 28 34 28 27322 51031
5 14 28 34 28 27322 51061
5 14 28 34 28 27322 51091
5 14 28 34 28 27322 51151
5 14 30 34 30 29244 51211
5 14 30 34 30 29244 51271
5 14 30 34 30 29244 51301
5 14 30 34 30 29244 51361
5 14 30 34 30 29244 51391
5 14 30 34 30 29244 51421
5 14 26 34 26 25482 51481
5 14 26 34 26 25482 51541
5 14 26 34 26 25482 51571
5 14 26 34 26 25482 51631
5 14 28 34 28 27322 51691
5 14 28 34 28 27322 51751
5 14 28 34 28 27322 51781
5 14 28 34 28 27322 51841
5 14 28 34 28 27322 51871
5 14 28 34 28 27322 51901
5 14 28 34 28 27322 51961
5 14 28 34 28 27322 51991
5 14 28 34 28 27322 52021
5 14 28 34 28 27322 52051
5 14 28 34 28 27322 52111
6 21 30 35 30 29365 52171
6 21 30 35 30 29365 52231
6 21 30 35 30 29365 52261
6 21 30 35 30 29365 52321
6 21 30 35 30 29365 52351
6 21 30 35 30 29365 52381
6 21 30 35 35 35922 52441
6 21 30 35 21 21800 52471
6 21 30 35 35 35922 52501
6 21 30 35 21 21800 52531
6 21 30 35 6 7704 52561
6 23 32 36 36 37346 52591
6 23 32 36 23 23227 52621
6 23 32 36 36 37346 52651
6 23 32 36 23 23227 52681
6 23 33 37 33 33028 52711
6 23 33 37 6 7754 52741
6 21 29 35 21 21794 52771
6 21 29 35 35 35921 52801
6 21 29 35 21 21794 52831
6 21 29 35 6 7698 52861
6 20 28 35 28 27459 52891
6 20 28 35 28 27459 52921
6 20 28 35 28 27459 52951
6 20 28 35 28 27459 52981
6 20 28 35 28 27459 53011
6 20 28 35 28 27459 53071
6 20 30 35 30 29359 53131
6 20 30 35 30 29359 53191
6 20 30 35 30 29359 53221
6 20 30 35 30 29359 53281
6 20 30 35 30 29359 53311
6 20 30 35 30 29359 53341
6 18 26 35 26 25587 53401
6 18 26 35 26 25587 53461
6 18 26 35 26 25587 53491
6 18 26 35 26 25587 53551
6 18 28 35 28 27443 53611
6 18 28 35 28 27443 53671
6 18 28 35 28 27443 53701
6 18 28 35 28 27443 53761
6 18 28 35 28 27443 53791
6 18 28 35 28 27443 53821
6 18 28 35 28 27443 53881
6 18 28 35 28 27443 53911
6 18 28 35 28 27443 53941
6 18 28 35 28 27443 53971
6 18 28 35 28 27443 54031
6 21 30 35 30 29365 54091
6 21 30 35 30 29365 54151
6 21 30 35 30 29365 54181
6 21 30 35 30 29365 54241
6 21 30 35 30 29365 54271
6 21 30 35 30 29365 54301
6 21 30 35 35 35922 54361
6 21 30 35 21 21800 54391
6 21 30 35 35 35922 54421
6 21 30 35 21 21800 54451
6 21 30 35 6 7704 54481
6 23 32 36 36 37346 54511
6 23 32 36 23 23227 54541
6 23 32 36 36 37346 54571
6 23 32 36 23 23227 54601
6 23 33 37 33 33028 54631
6 23 33 37 6 7754 54661
6 21 30 35 21 21800 54691
6 21 30 35 35 35922 54721
6 21 30 35 21 21800 54751
6 21 30 35 30 29365 54781
6 16 30 35 16 17928 54811
6 16 30 35 35 35892 54841
6 21 31 35 21 21805 54871
6 21 31 35 35 35923 54901
6 21 31 35 21 21805 54931
6 21 31 35 6 7709 54961
6 23 32 36 36 37346 54991
6 23 32 36 23 23227 55021
6 23 32 36 36 37346 55051
6 23 32 36 23 23227 55081
6 23 33 37 33 33028 55111
6 23 33 37 6 7754 55141
6 21 30 35 21 21800 55171
6 21 30 35 35 35922 55201
6 21 30 35 21 21800 55231
6 21 30 35 30 29365 55261
6 16 30 35 16 17928 55291
6 16 30 35 35 35892 55321
6 21 30 35 21 21800 55351
6 21 30 35 35 35922 55381
6 21 30 35 21 21800 55411
6 21 30 35 6 7704 55441
6 21 30 36 36 37339 55471
9 23 31 36 23 23364 55501
9 23 31 36 36 37619 55531
9 23 31 36 23 23364 55561
9 23 31 35 9 11193 55591
9 23 31 35 35 36205 55621
6 21 31 35 21 21805 55651
6 21 31 35 35 35923 55681
6 21 31 35 21 21805 55711
6 21 31 35 6 7709 55741
6 23 32 36 36 37346 55771
6 23 32 36 23 23227 55801
6 23 32 36 36 37346 55831
6 23 32 36 23 23227 55861
6 23 33 37 33 33028 55891
6 19 33 38 33 33014 55921
6 19 33 38 19 20367 55951
6 19 33 38 6 7655 55981
6 21 34 38 34 34488 56011
6 21 34 38 21 21817 56041
7 21 32 36 7 8514 56071
7 21 32 36 36 37446 56101
9 22 32 36 22 22648 56131
9 22 32 36 9 11183 56161
9 24 32 38 38 40957 56191
9 24 32 38 24 24124 56221
10 24 32 38 10 12522 56251
10 16 30 39 39 42947 56281
10 16 30 39 39 42947 56311
10 16 30 39 16 18204 56341
10 16 30 39 30 29591 56371
10 15 30 39 15 17380 56401
10 15 29 39 15 17374 56461
10 15 29 39 15 17374 56491
10 15 29 39 29 28672 56551
10 15 29 39 29 28672 56611
10 15 29 39 29 28672 56641
10 15 31 39 31 30410 56701
10 15 31 39 31 30410 56761
10 15 31 39 31 30410 56791
10 15 27 39 27 26687 56851
10 15 27 39 27 26687 56911
10 15 27 39 27 26687 56941
10 15 29 39 29 28672 57001
10 15 29 39 29 28672 57061
10 15 29 39 29 28672 57091
7 22 31 35 31 30276 57151
7 22 31 35 31 30276 57211
7 22 31 35 31 30276 57241
7 22 31 35 22 22561 57361
7 22 31 35 7 8530 57391
7 21 30 34 21 21851 57421
7 21 30 34 34 34595 57451
5 19 29 34 19 20285 57481
5 19 29 33 33 32886 57511
5 19 29 33 5 6716 57541
5 19 29 33 19 20284 57571
5 19 29 33 33 32886 57601
5 17 29 33 17 18708 57631
2 17 31 35 31 29881 57661
2 17 31 35 2 3265 57691
2 17 31 35 17 18501 57721
2 17 31 35 31 29881 57751
2 17 31 35 2 3265 57781
2 17 31 35 31 29881 57811
3 17 31 35 3 4429 57841
3 17 31 35 17 18577 57871
3 17 31 35 31 29961 57901
3 15 31 35 15 16849 57931
5 15 29 33 33 32856 57961
5 15 29 33 5 6492 57991
5 19 29 33 19 20284 58021
5 19 29 33 33 32886 58051
5 19 29 33 29 28344 58081
7 21 29 34 34 34594 58111
7 21 29 34 7 8497 58141
7 21 29 34 21 21845 58171
7 21 29 34 34 34594 58201
7 21 29 34 34 34594 58321
7 21 29 34 7 8497 58351
7 21 29 34 21 21845 58381
7 21 29 34 34 34594 58411
5 19 29 34 19 20285 58441
5 19 29 33 33 32886 58471
5 19 29 33 5 6716 58501
5 19 29 33 19 20284 58531
5 19 29 33 33 32886 58561
5 17 29 33 17 18708 58591
2 17 31 35 31 29881 58621
2 17 31 35 2 3265 58651
2 17 31 35 17 18501 58681
2 17 31 35 31 29881 58711
2 17 31 35 2 3265 58741
2 17 31 35 31 29881 58771
3 17 31 35 3 4429 58801
3 17 31 35 17 18577 58831
3 17 31 35 31 29961 58861
3 15 31 35 15 16849 58891
5 15 29 33 33 32856 58921
5 15 29 33 5 6492 58951
5 19 29 33 19 20284 58981
5 19 29 33 33 32886 59011
5 19 29 33 29 28344 59041
7 21 29 34 34 34594 59071
7 21 29 34 7 8497 59101
7 21 29 34 21 21845 59131
7 21 29 34 34 34594 59161
11 22 34 38 34 34901 59401