-1 13 29 35 29 1466 121
-1 13 29 35 29 1466 151
-1 13 29 35 29 1466 181
-1 13 29 35 29 1466 211
-1 13 29 35 29 1466 241
-1 13 29 35 29 1466 281
-1 13 29 35 29 1466 321
-1 13 29 35 29 1466 3961
-1 13 31 35 31 1663 4001
-1 13 29 35 29 1466 4041
-1 13 27 35 27 1301 4561
-1 13 26 35 26 1235 4621
-1 13 24 35 24 1103 5221
-1 13 22 35 22 954 5281
-1 18 29 34 18 668 5881
-1 18 29 34 29 1520 5941
-1 18 27 34 27 1355 6001
-1 20 28 34 20 816 6541
-1 20 28 34 34 2076 6571
-1 17 25 34 25 1223 6601
-1 20 31 35 20 847 7141
-1 22 31 35 22 984 7201
-1 23 31 35 23 1059 7261
-1 18 30 35 18 679 7801
-1 18 30 35 30 1614 7861
-1 18 29 35 29 1521 7921
-1 18 29 35 29 1521 9241
-1 14 31 35 31 1672 9281
-1 14 29 35 29 1477 9321
-1 14 27 35 27 1312 9841
-1 14 26 35 26 1246 9901
-1 14 24 35 24 1114 10501
-1 14 22 35 22 965 10561
-1 18 29 34 18 668 11161
-1 18 29 34 29 1520 11221
-1 18 27 34 27 1355 11281
-1 20 28 34 20 816 11341
-1 20 28 34 20 816 11821
-1 20 28 34 34 2076 11851
-1 17 25 34 25 1223 11881
-1 17 25 34 34 2043 12121
-1 15 32 39 32 1781 12241
-1 15 29 39 29 1492 12361
-1 15 25 39 25 1206 12481
-1 15 23 39 23 1054 12541
-1 15 27 39 27 1327 13141
-1 15 26 39 26 1261 13201
-1 15 26 39 39 2619 14521
-1 15 35 43 35 2155 15001
-1 15 32 43 32 1785 15121
-1 15 31 43 31 1689 15181
-1 15 30 43 30 1592 15841
-1 15 30 43 43 3139 15871
-1 15 30 43 30 1592 15901
-1 15 28 43 28 1408 16501
-1 22 36 40 40 2814 17161
-1 22 36 40 36 2347 17641
-1 22 33 42 33 1970 17761
-1 22 32 42 32 1840 17821
-1 22 31 42 42 3080 18561
-1 22 31 42 31 1751 18641
-1 22 37 42 37 2474 18721
-1 22 37 42 42 3086 18801
-1 22 31 39 31 1748 18881
-1 22 31 39 31 1748 24721
-1 22 31 39 39 2687 24841
-1 22 32 41 41 2944 24961
-1 22 32 41 32 1839 25081
-1 22 32 42 22 999 25141
-1 22 32 43 43 3218 25201
-1 22 32 42 32 1840 25261
-1 22 32 41 41 2944 25321
-1 22 34 38 34 2094 25381
-1 22 34 38 38 2580 25441
-1 22 33 41 41 2945 25501
-1 22 33 41 33 1969 25561
-1 22 36 43 43 3222 25681
-1 22 36 43 36 2350 25801
-1 22 34 43 34 2099 25861
-1 22 35 43 43 3221 25981
-1 22 36 43 36 2350 26041
-1 22 34 38 38 2580 26081
-1 22 36 41 36 2348 26121
-1 22 36 41 41 2948 26161
-1 19 29 43 43 3188 26201
-1 19 29 43 29 1540 26241
-1 19 31 43 31 1725 26281
-1 19 33 43 33 1947 26321
-1 19 33 43 19 796 26361
-1 19 34 43 34 2075 26401
-1 22 36 43 36 2350 26441
-1 22 36 43 22 1022 26481
-1 22 36 43 36 2350 26521
-1 22 36 43 43 3222 26561
-1 13 29 35 35 2119 26601
-1 13 29 35 29 1466 26641
-1 13 32 36 36 2247 26761
-1 13 32 36 32 1762 26821
-1 13 32 36 13 107 26881
-1 13 32 36 32 1762 26941
-1 13 27 42 27 1308 27001
-1 13 24 42 24 1110 27061
-1 13 24 42 42 2965 27121
-1 13 32 36 36 2247 27181
-1 13 32 36 32 1762 27241
-1 13 29 34 34 1993 27301
-1 13 29 34 29 1465 27361
-1 13 25 34 25 1179 27421
-1 13 25 34 34 1989 27601
-1 20 32 41 32 1823 27721
-1 20 32 41 41 2927 27841
-1 20 28 37 37 2452 27961
-1 20 28 35 35 2202 28021
-1 20 28 35 20 817 28141
-1 20 28 35 28 1455 28171
-1 17 25 35 35 2169 28231
-1 17 25 35 25 1224 28261
-1 17 25 33 33 1915 28291
-1 15 24 40 40 2732 28351
-1 15 24 40 15 298 28381
-1 15 24 40 24 1130 28411
-1 19 32 40 32 1814 28471
-1 19 32 40 40 2786 28501
-1 19 27 39 39 2662 28561
-1 19 27 39 19 736 28681
-1 19 27 39 27 1371 28721
-1 24 34 38 34 2106 28761
-1 24 34 38 24 1160 28801
-1 23 31 38 31 1756 28841
-1 23 31 38 38 2581 28881
-1 18 26 34 26 1289 28921
-1 18 26 34 34 2055 28961
-1 21 36 43 43 3214 29001
-1 21 36 43 36 2343 29041
-1 21 34 43 34 2092 29101
-1 21 33 43 33 1964 29221
-1 21 31 36 31 1736 29281
-1 21 29 36 29 1555 29341
-1 21 29 36 36 2336 29371
-1 22 33 41 33 1969 29431
-1 22 33 41 22 1005 29461
-1 22 33 41 41 2945 29491
-1 24 36 43 36 2361 29551
-1 24 36 43 24 1174 29581
-1 24 36 43 43 3235 29611
-1 24 34 41 41 2959 29671
-1 24 34 41 34 2109 29701
-1 24 34 41 41 2959 29761
-1 24 33 38 38 2586 29821
-1 24 33 38 33 1980 29881
-1 24 34 43 34 2111 34921
-1 24 34 43 43 3233 35041
-1 21 32 38 38 2573 35161
-1 21 32 38 38 2573 35341
-1 21 32 36 36 2339 35401
-1 21 34 38 38 2575 35461
-1 21 34 39 39 2684 35521
-1 21 34 39 34 2088 35581
-1 21 33 39 33 1960 35761
-1 21 31 39 31 1739 35821
-1 21 29 33 33 1957 35881
-1 21 29 34 34 2085 35941
-1 21 29 34 29 1553 36001
-1 21 29 34 34 2085 36241
-1 21 29 36 36 2336 36281
-1 21 34 41 34 2090 36321
-1 21 34 41 41 2938 36601
-1 21 34 43 43 3212 36641
-1 21 34 41 41 2938 36681
-1 21 34 42 42 3075 36901
-1 21 34 39 39 2684 37021
-1 21 34 39 34 2088 37141
-1 21 34 39 34 2088 37321
-1 21 32 39 32 1829 37381
-1 21 34 39 34 2088 37441
-1 21 36 41 36 2341 37501
-1 21 37 41 37 2466 37561
-1 21 37 41 41 2941 37621
-1 15 27 36 27 1324 37681
-1 15 29 36 29 1489 37741
-1 15 32 36 32 1778 37801
-1 15 29 34 34 2022 37861
-1 15 29 34 29 1487 37921
-1 15 29 34 15 347 37981
-1 15 29 34 29 1487 38041
-1 15 32 36 32 1778 38101
-1 15 27 34 34 2020 38161
-1 15 27 34 27 1322 38221
-1 15 29 34 29 1487 38281
-1 15 32 36 32 1778 38341
-1 15 27 35 35 2146 38401
-1 15 27 35 27 1323 38461
-1 15 29 35 29 1488 38521
-1 23 32 36 32 1842 38581
-1 23 31 35 35 2226 38641
-1 23 31 35 23 1059 38701
-1 19 27 39 39 2662 38761
-1 19 27 39 19 736 38881
-1 18 26 39 26 1294 38921
-1 24 34 40 34 2108 38961
-1 24 34 40 24 1162 39001
-1 22 31 40 22 989 39061
-1 23 31 40 23 1064 39121
-1 23 31 40 31 1758 39161
-1 23 31 40 40 2815 39201
-1 18 28 38 28 1436 39241
-1 18 26 38 26 1293 39301
-1 21 29 38 21 894 39361
-1 20 28 38 28 1458 39401
-1 20 28 38 38 2563 39441
-1 20 31 38 31 1729 39481
-1 18 26 34 34 2055 39541
-1 18 26 34 26 1289 39571
-1 21 29 33 21 889 39631
-1 21 29 33 33 1957 39661
-1 17 25 33 25 1222 39691
-1 20 32 43 20 863 39751
-1 20 32 43 32 1825 39781
-1 24 32 43 24 1152 39811
-1 19 35 43 19 807 39871
-1 19 35 43 43 3194 39901
-1 19 35 43 35 2201 39931
-1 19 30 42 30 1631 39991
-1 19 30 42 42 3052 40021
-1 19 34 42 34 2074 40051
-1 17 29 34 29 1509 40111
-1 17 29 34 34 2047 40141
-1 17 28 40 40 2761 45481
-1 17 28 40 28 1427 45511
-1 17 28 39 39 2644 45601
-1 17 27 39 27 1349 45631
-1 17 25 37 37 2419 45721
-1 17 25 37 25 1226 45751
-1 23 31 35 35 2226 45811
-1 23 31 35 23 1059 45841
-1 23 32 37 32 1843 45871
-1 23 32 37 37 2477 45901
-1 16 30 37 30 1596 45931
-1 16 30 37 16 478 45961
-1 16 30 37 37 2412 46021
-1 21 35 39 35 2214 46081
-1 21 34 39 21 935 46141
-1 21 33 39 33 1960 46261
-1 21 33 39 39 2683 46291
-1 14 35 39 35 2137 46321
-1 14 35 39 14 268 46351
-1 14 33 39 33 1883 46381
-1 23 33 39 23 1078 46411
-1 23 33 39 39 2694 46441
-1 17 33 39 17 611 46471
-1 17 33 38 33 1921 46501
-1 17 33 38 38 2544 46531
-1 15 31 37 31 1683 46591
-1 15 31 37 15 369 46621
-1 15 31 37 37 2400 46681
-1 15 27 35 35 2146 46741
-1 15 27 36 27 1324 47041
-1 15 27 37 37 2396 47101
-1 15 27 33 33 1892 47161
-1 15 27 33 27 1321 47341
-1 15 31 37 37 2400 47401
-1 15 31 36 31 1682 47461
-1 15 31 36 31 1682 47581
-1 15 30 36 30 1585 47641
-1 15 30 36 36 2274 47821
-1 15 35 43 35 2155 47881
-1 15 35 43 43 3144 47941
-1 15 30 38 30 1587 48001
-1 15 30 38 38 2520 48061
-1 15 30 36 36 2274 48121
-1 15 33 41 33 1899 48241
-1 15 31 41 31 1687 48361
-1 15 28 41 28 1406 48481
-1 15 28 41 41 2863 48601
-1 22 36 43 36 2350 48721
-1 22 34 43 34 2099 48781
-1 22 34 43 43 3220 48811
-1 22 34 43 34 2099 48841
-1 22 34 40 40 2812 48871
-1 22 34 40 22 1010 48901
-1 22 32 41 32 1839 48931
-1 22 32 41 22 998 48961
-1 22 32 41 41 2944 48991
-1 22 32 38 38 2578 49081
-1 22 32 36 36 2346 49141
-1 22 34 43 34 2099 49201
-1 22 34 43 43 3220 49261
-1 22 34 41 41 2946 49321
-1 22 34 40 40 2812 49381
-1 22 34 40 34 2096 49441
-1 22 31 40 31 1749 49621
-1 14 25 34 25 1190 49801
-1 14 29 34 29 1476 49921
-1 14 29 34 34 2008 50041
-1 14 29 36 36 2259 81361
-1 14 29 36 29 1478 81401
-1 14 22 41 22 971 81441
-1 14 22 41 41 2842 81481
-1 15 27 34 34 2020 81521
-1 15 27 34 27 1322 81561
-1 15 27 34 34 2020 81601
-1 15 27 36 36 2271 81661
-1 15 27 36 36 2271 81841
-1 15 29 39 39 2622 81901
-1 15 29 38 38 2519 82021
-1 15 29 36 36 2273 82141
-1 15 29 34 34 2022 82261
-1 15 29 33 33 1894 82381
-1 15 29 33 29 1486 82501
-1 15 29 33 15 346 82531
-1 24 32 41 41 2957 82591
-1 24 32 41 24 1150 82621
-1 23 31 41 31 1759 82801
-1 23 34 43 34 2105 82841
-1 23 35 43 35 2231 82881
-1 23 36 43 36 2356 82921
-1 23 36 43 43 3229 82961
-1 24 34 39 34 2107 83001
-1 24 34 39 24 1161 83041
-1 24 34 39 39 2699 83101
-1 24 36 40 36 2358 83221
-1 24 35 39 39 2700 83281
-1 22 32 42 42 3081 83341
-1 22 32 42 32 1840 83461
-1 22 31 42 31 1751 83581
-1 22 31 42 22 991 83641
-1 20 31 42 20 854 83701
-1 22 32 42 22 999 83761
-1 22 32 42 32 1840 83821
-1 22 32 42 22 999 83881
-1 20 34 38 20 871 83941
-1 20 34 38 34 2079 84001
-1 20 33 37 37 2457 84181
-1 20 34 38 34 2079 84301
-1 20 32 38 32 1820 84361
-1 20 35 39 35 2206 84661
-1 20 34 38 38 2569 84841
-1 20 35 39 35 2206 84961
-1 20 33 39 33 1952 85021
-1 22 36 40 36 2347 85321
-1 22 36 40 40 2814 85501
-1 22 36 40 36 2347 85621
-1 22 34 40 34 2096 85681
-1 22 36 40 36 2347 85741
-1 22 34 40 34 2096 85801
-1 22 36 40 36 2347 85861
-1 22 34 40 34 2096 85921
-1 22 36 41 36 2348 85981
-1 22 36 41 41 2948 86011
-1 22 36 41 22 1020 86041
-1 22 30 36 36 2344 86071
-1 15 29 36 29 1489 86101
-1 15 29 34 34 2022 86131
-1 15 29 34 15 347 86161
-1 15 24 41 41 2859 86191
-1 15 24 41 24 1131 86221
-1 15 24 41 41 2859 86251
-1 14 22 41 22 971 86281
-1 14 22 36 36 2252 86311
-1 14 27 36 27 1313 86341
-1 14 27 33 33 1878 86371
-1 14 26 33 26 1244 86401
-1 17 26 43 43 3162 86431
-1 17 26 43 17 548 86461
-1 17 34 39 34 2050 86491
-1 17 34 39 39 2650 86521
-1 17 33 39 33 1922 86551
-1 17 33 43 43 3169 86581
-1 17 33 41 41 2895 86641
-1 17 34 38 34 2049 86761
-1 17 34 38 38 2545 86801
-1 17 34 41 41 2896 86841
-1 17 34 43 43 3170 86881
-1 17 34 38 38 2545 86941
-1 17 34 38 34 2049 87121
-1 17 34 38 38 2545 87161
-1 17 36 41 41 2898 87201
-1 17 36 43 43 3172 87241
-1 17 36 43 36 2305 87301
-1 18 26 33 26 1288 87421
-1 18 26 33 33 1927 87451
-1 24 33 41 41 2958 87511
-1 24 33 41 24 1157 87541
-1 24 33 41 33 1983 87571
-1 23 31 36 36 2351 87631
-1 23 31 36 31 1754 87661
-1 14 29 43 29 1485 87721
-1 14 29 43 43 3123 87961
-1 14 29 41 41 2849 88021
-1 14 29 43 43 3123 88081
-1 14 29 43 29 1485 88141
-1 14 36 43 36 2266 88201
-1 14 36 43 43 3130 88231
-1 14 34 43 34 2015 88261
-1 14 34 43 14 267 88291
-1 14 31 42 31 1679 88321
-1 14 29 42 29 1484 88381
-1 14 31 42 31 1679 88441
-1 14 29 42 29 1484 88501
-1 14 29 42 42 2986 88621
-1 14 29 40 40 2723 88681
-1 14 29 42 42 2986 88741
-1 14 30 40 40 2724 88801
-1 14 30 40 30 1579 88861
-1 14 28 34 28 1388 88921
-1 14 30 34 30 1573 88981
-1 14 28 34 28 1388 89041
-1 14 30 34 30 1573 89101
-1 14 30 34 34 2009 89131
-1 14 37 41 37 2389 89191
-1 14 37 41 41 2857 89221
-1 16 25 36 25 1214 89281
-1 16 29 36 29 1500 89321
-1 16 32 36 32 1786 89361
-1 16 25 36 36 2282 89401
-1 16 25 36 25 1214 89521
-1 16 29 36 29 1500 89561
-1 16 32 36 32 1786 89601
-1 16 29 36 29 1500 89641
-1 16 32 36 32 1786 89681
-1 16 32 36 36 2289 89721
-1 16 32 36 32 1786 89761
-1 16 32 36 36 2289 89801
-1 16 32 39 39 2637 89841
-1 16 32 37 37 2414 89881
-1 16 32 37 16 495 89941
-1 16 32 37 32 1787 89971
-1 16 35 39 35 2164 90031
-1 16 35 39 39 2640 90061
-1 16 32 39 16 497 90181
-1 16 32 39 32 1789 90211
-1 20 35 39 35 2206 90271
-1 20 35 39 20 877 90301
-1 20 35 39 35 2206 90331
-1 20 35 39 39 2678 90391
-1 20 35 39 35 2206 90421
-1 20 35 39 39 2678 90451
-1 16 28 42 42 3014 90511
-1 16 28 42 28 1418 90541
-1 16 24 42 24 1143 90601
-1 16 28 42 28 1418 90641
-1 16 31 42 31 1697 90681
-1 16 24 34 34 2030 90721
-1 16 24 34 24 1135 90841
-1 19 28 35 28 1444 90881
-1 19 31 35 31 1717 90921
-1 19 28 35 28 1444 90961
-1 19 31 35 31 1717 91001
-1 19 30 34 34 2069 91041
-1 19 30 34 19 763 91081
-1 22 30 34 22 974 91121
-1 17 26 36 26 1280 91161
-1 17 26 36 36 2295 91201
-1 17 30 34 34 2048 91261
-1 17 30 35 17 583 91381
-1 17 31 35 31 1699 91411
-1 17 29 35 29 1510 91471
-1 17 28 35 35 2172 91921
-1 17 28 35 28 1422 92101
-1 20 33 40 20 867 92401
-1 20 33 40 33 1953 92581
-1 20 33 40 33 1953 92641
-1 20 33 40 33 1953 92701
-1 20 33 40 33 1953 92821
-1 20 33 40 40 2796 92881
-1 20 33 40 33 1953 92941
-1 20 33 40 33 1953 93061
-1 21 32 43 43 3210 93121
-1 21 32 43 21 926 93181
-1 23 32 43 23 1075 93301
-1 23 32 43 32 1849 93361
-1 23 32 43 23 1075 93421
-1 16 34 43 16 514 93481
-1 16 34 43 43 3157 93541
-1 16 34 43 34 2042 93601
-1 16 29 43 29 1507 93661
-1 16 29 43 43 3152 93721
-1 18 28 34 34 2057 93781
-1 18 28 34 28 1432 93841
-1 18 26 36 36 2306 93901
-1 18 26 36 26 1291 93931
-1 18 26 36 18 637 93961
-1 18 33 38 33 1932 93991
-1 18 33 38 38 2553 94021
-1 18 33 38 18 706 94051
-1 18 28 36 36 2308 94081
-1 18 28 36 28 1434 94111
-1 18 28 38 38 2548 94141
-1 18 28 36 36 2308 94201
-1 18 28 36 28 1434 94231
-1 18 28 35 35 2183 94261
-1 18 26 33 33 1927 94321
-1 18 26 33 26 1288 94351
-1 18 26 33 33 1927 94381
-1 16 24 43 43 3147 94441
-1 16 24 43 24 1144 94471
-1 14 29 33 29 1475 94561
-1 14 29 33 33 1880 94681
-1 14 29 36 36 2259 94801
-1 14 29 39 39 2609 94921
-1 14 29 41 41 2849 95041
-1 14 29 33 33 1880 95161
-1 14 29 33 29 1475 95221
-1 14 29 33 33 1880 95401
-1 14 29 33 29 1475 95461
-1 14 31 43 43 3125 95641
-1 14 31 40 40 2725 95701
-1 14 31 41 41 2851 95821
-1 14 31 39 39 2611 95881
-1 14 31 39 31 1676 96001
-1 14 34 42 42 2991 96061
-1 14 34 42 34 2014 96121
-1 14 29 42 29 1484 96841
-1 14 31 42 31 1679 96881
-1 14 29 42 29 1484 96921
-1 14 27 42 27 1319 97441
-1 14 26 42 26 1253 97501
-1 14 24 42 24 1121 98101
-1 14 22 42 22 972 98161
-1 18 29 34 18 668 98761
-1 18 29 34 29 1520 98821
-1 18 27 34 27 1355 98881
-1 20 28 34 20 816 99421
-1 20 28 34 34 2076 99451
-1 17 25 34 25 1223 99481
-1 20 31 35 20 847 100021
-1 22 31 35 22 984 100081
-1 23 31 35 23 1059 100141
-1 18 30 35 18 679 100681
-1 18 30 35 30 1614 100741
-1 18 29 35 29 1521 100801
-1 18 29 35 29 1521 102121
-1 14 31 35 31 1672 102161
-1 14 29 35 29 1477 102201
-1 14 27 35 27 1312 102721
-1 14 26 35 26 1246 102781
-1 14 24 35 24 1114 103381
-1 14 22 35 22 965 103441
-1 18 29 34 18 668 104041
-1 18 29 34 29 1520 104101
-1 18 27 34 27 1355 104161
-1 20 28 34 20 816 104221
-1 20 28 34 20 816 104701
-1 20 28 34 34 2076 104731
-1 17 25 34 25 1223 104761
-1 17 25 34 34 2043 105001
-1 15 32 39 32 1781 105121
-1 15 29 39 29 1492 105241
-1 15 25 39 25 1206 105361
-1 15 23 39 23 1054 105421
-1 15 27 39 27 1327 106021
-1 15 26 39 26 1261 106081
-1 15 26 39 39 2619 107401
-1 15 35 43 35 2155 107881
-1 15 32 43 32 1785 108001
-1 15 31 43 31 1689 108061
-1 15 30 43 30 1592 108721
-1 15 30 43 43 3139 108751
-1 15 30 43 30 1592 108781
-1 15 28 43 28 1408 109381
-1 23 36 40 40 2820 110041
-1 23 36 40 36 2353 110521
-1 23 33 42 33 1977 110641
-1 23 32 42 32 1848 110701
-1 23 31 42 42 3087 111441
-1 23 31 42 31 1760 111521
-1 24 37 42 37 2485 111601
-1 24 37 42 42 3099 111681