6 22 34 38 38 40594 1
6 22 34 38 -1 22520 21
6 22 34 39 -1 7743 41
6 21 34 39 -1 42494 61
6 21 34 39 -1 21818 91
6 24 34 39 24 23980 901
6 24 34 39 34 34496 931
8 14 30 36 36 37486 991
8 14 30 36 30 29462 1051
8 14 24 34 24 24058 1321
8 14 24 34 34 34634 1351
8 14 30 36 36 37486 1411
8 14 30 36 30 29462 1471
8 14 30 36 36 37486 1491
8 14 30 36 30 29462 1511
8 14 31 36 31 30297 1711
8 14 31 36 14 16378 1741
8 14 28 32 8 9436 1771
8 14 28 32 32 31696 1801
8 14 28 32 28 27560 1831
8 14 29 34 29 28541 1921
8 14 29 34 14 16365 1951
8 14 29 34 34 34639 1971
9 18 27 34 18 19718 1991
9 18 27 34 27 26658 2011
9 18 27 34 9 11022 2041
9 16 24 34 24 24116 2161
9 16 24 34 34 34734 2191
9 16 24 36 36 37577 2251
3 24 33 39 39 41947 2311
3 24 33 39 33 32607 2341
3 24 33 39 24 23756 2581
3 24 34 39 34 34079 2611
3 17 30 36 36 36909 2671
3 17 30 36 30 29090 2701
3 17 30 36 17 18573 2731
3 17 25 39 39 41890 2761
3 16 24 39 24 23749 2791
3 16 24 34 34 34034 2821
3 17 30 34 30 29088 2851
3 17 30 34 17 18571 2881
3 17 30 35 3 4424 2911
3 17 31 35 31 29961 2941
8 12 26 32 26 25656 3001
8 12 26 32 8 9244 3031
8 12 27 32 32 31672 3061
8 12 28 32 28 27544 3091
7 12 23 39 23 23252 3171
7 12 23 39 23 23252 3191
7 12 23 39 39 42534 3211
7 12 23 39 7 7915 3231
7 12 27 34 34 34520 3251
7 12 27 34 27 26490 3271
7 12 27 34 27 26490 3331
7 12 27 34 12 14574 3361
9 15 30 35 30 29527 3421
9 15 30 35 35 36160 3451
9 15 28 36 36 37572 3511
9 15 28 36 9 10852 3541
9 15 28 36 28 27636 3571
9 15 28 36 15 17288 3601
9 15 28 36 28 27636 3631
7 11 28 33 33 33046 3691
7 11 28 33 28 27465 3721
7 11 28 33 11 13365 3741
7 11 28 33 7 7849 3761
7 21 29 35 35 36027 3781
7 21 29 35 29 28521 3801
7 21 29 35 35 36027 3821
7 21 29 35 21 21846 3841
10 21 31 38 31 30439 3861
10 21 31 38 38 41034 3881
10 21 30 38 10 12467 3901
10 21 29 38 29 28713 3931
10 19 34 39 39 42981 3991
10 19 34 39 34 34832 4021
10 19 34 39 19 20554 4051
9 19 27 33 33 33302 4081
9 19 27 33 27 26665 4171
9 19 27 33 9 11065 4201
9 19 28 33 28 27665 4261
9 19 28 33 33 33303 4291
9 19 28 33 9 11073 4321
9 17 31 36 36 37592 4351
9 17 31 36 31 30367 4381
9 17 31 36 17 18962 4401
11 17 28 36 11 13572 4421
11 18 28 36 28 27764 4441
11 19 28 36 19 20568 4471
11 19 28 36 36 37723 4501
11 18 28 36 18 19832 4521
11 18 27 33 33 33429 4541
11 18 27 33 27 26745 4561
9 17 31 39 9 11001 4621
9 17 31 39 17 18965 4641
9 17 31 39 31 30370 4661
9 18 31 39 18 19749 4681
9 18 31 39 31 30375 4701
9 17 31 39 39 42857 4721
9 16 31 39 16 18141 4741
8 16 26 35 26 25691 4761
8 16 26 35 35 36086 4781
8 14 30 35 14 16372 4801
8 14 30 35 30 29461 4831
8 14 30 35 14 16372 4861
8 12 30 35 12 14696 5641
8 15 30 35 15 17224 5731
8 15 30 35 15 17224 5791
8 14 30 35 14 16372 5851
8 13 30 35 13 15524 5941
8 13 30 35 13 15524 6001
8 12 30 35 12 14696 6061
8 15 30 35 15 17224 6151
8 15 30 35 15 17224 6211
8 14 30 35 14 16372 6271
8 13 30 35 13 15524 6361
8 13 30 35 13 15524 6421
8 17 30 35 17 18896 6481
8 22 30 35 22 22601 6571
8 20 30 35 20 21184 6691
8 19 30 35 19 20448 6781
7 14 24 39 24 24013 6901
7 14 24 39 39 42564 6931
7 14 24 39 7 8099 6961
7 14 22 36 22 22551 6991
7 14 22 36 36 37387 7021
7 15 28 36 15 17136 7051
7 15 28 35 28 27499 7081
7 15 28 34 34 34554 7111
7 15 30 34 30 29400 7141
9 16 24 34 24 24116 7231
9 18 26 34 18 19710 7291
9 18 26 34 9 11014 7321
9 13 29 34 13 15609 7351
9 13 29 34 29 28597 7381
5 21 29 36 21 21735 7411
5 21 29 36 36 37218 7441
5 23 31 36 23 23160 7461
5 23 31 36 5 6830 7481
5 21 30 36 21 21741 7501
5 21 30 36 36 37219 7531
5 21 30 36 30 29288 7551
5 21 30 36 21 21741 7571
5 21 30 37 37 38732 7591
5 21 31 37 31 30138 7611
5 23 31 36 23 23160 7631
5 23 31 36 36 37225 7651
5 21 30 36 21 21741 7681
5 21 30 36 30 29288 7711
5 14 30 36 14 16121 7741
5 9 27 36 9 10592 7801
5 9 27 36 27 26316 7831
5 9 27 36 36 37102 7861
5 10 27 36 10 11880 7891
5 10 28 36 28 27292 7921
5 10 28 37 37 38620 7951
5 11 28 37 11 13153 7981
5 11 29 37 29 28292 8011
5 11 29 38 38 40327 8041
5 12 29 38 12 14393 8071
5 12 30 38 30 29236 8101
5 12 30 39 39 42223 8131
4 21 33 39 33 32756 8161
4 21 33 39 21 21688 9121
4 21 33 39 33 32756 9151
4 21 33 39 4 5764 9181
4 18 31 39 31 30050 9211
4 18 31 39 18 19465 9241
7 18 26 33 33 33114 9271
7 18 26 33 7 8365 9301
7 18 26 35 35 36009 9331
7 18 26 35 26 25651 9361
7 17 25 33 33 33106 9421
7 17 25 33 25 24819 9441
7 16 25 38 16 17962 9461
7 16 25 38 38 40675 9481
7 21 33 38 33 33134 9501
7 21 33 38 21 21867 9521
7 21 33 38 38 40723 9541
7 12 31 38 31 30229 9571
7 12 31 38 12 14604 9601
11 18 26 33 18 19813 9661
11 18 26 33 26 25825 9721
11 18 26 33 33 33428 9781
11 18 32 36 36 37741 9841