6 22 34 38 38 40594 1
6 22 34 38 -1 22520 21
6 22 34 39 -1 7743 41
6 21 34 39 -1 42494 61
6 21 34 39 -1 21818 91
6 24 34 39 24 23980 901
6 24 34 39 34 34496 931
8 14 30 36 36 37486 991
8 14 30 36 30 29462 1051
8 14 24 34 24 24058 1321
8 14 24 34 34 34634 1351
8 14 30 36 36 37486 1411
8 14 30 36 30 29462 1471
8 14 30 36 36 37486 1491
8 14 30 36 30 29462 1511
8 14 31 36 31 30297 1711
8 14 31 36 14 16378 1741
8 14 28 32 8 9436 1771
8 14 28 32 32 31696 1801
8 14 28 32 28 27560 1831
8 14 29 34 29 28541 1921
8 14 29 34 14 16365 1951
8 14 29 34 34 34639 1971
9 18 27 34 18 19718 1991
9 18 27 34 27 26658 2011
9 18 27 34 9 11022 2041
9 16 24 34 24 24116 2161
9 16 24 34 34 34734 2191
9 16 24 36 36 37577 2251
3 24 33 39 39 41947 2311
3 24 33 39 33 32607 2341
3 24 33 39 24 23756 2581
3 24 34 39 34 34079 2611
3 17 30 36 36 36909 2671
3 17 30 36 30 29090 2701
3 17 30 36 17 18573 2731
3 17 25 39 39 41890 2761
3 16 24 39 24 23749 2791
3 16 24 34 34 34034 2821
3 17 30 34 30 29088 2851
3 17 30 34 17 18571 2881
3 17 30 35 3 4424 2911
3 17 31 35 31 29961 2941
8 17 26 32 26 25696 3001
8 17 26 32 8 9624 3031
8 17 27 32 32 31722 3061
8 17 28 32 28 27584 3091
9 23 31 39 23 23367 3171
9 23 31 39 23 23367 3191
9 23 31 39 39 42902 3211
9 19 31 39 19 20501 3231
9 19 27 34 34 34758 3251
9 18 27 34 27 26658 3271
9 18 27 34 27 26658 3331
9 18 27 34 9 11022 3361
9 18 26 34 26 25754 3421
7 23 31 36 31 30282 3481
7 23 31 36 36 37450 3511
7 23 31 36 7 8546 3541
7 23 31 37 23 23279 3571
7 23 31 38 38 40730 3601
9 21 29 38 29 28657 3631
9 21 29 38 21 21929 3691
9 21 29 38 38 40942 3721
9 19 28 38 19 20482 3751
9 19 28 38 28 27670 3781
9 19 28 38 9 11078 3811
9 19 28 38 38 40928 3841
1 9 31 38 31 29764 3861
1 9 31 38 9 10124 3881
10 17 29 37 10 12300 3901
10 17 29 37 29 28684 3931
10 19 34 39 39 42981 3991
10 19 34 39 34 34832 4021
10 19 34 39 19 20554 4051
7 19 27 33 33 33121 4081
7 19 27 33 27 26545 4171
7 19 28 33 28 27529 4261
7 16 24 33 33 33097 4321
7 16 24 33 24 24023 4351
7 16 24 33 16 17949 4381
7 16 24 33 7 8237 4411
8 12 30 39 12 14700 4501
8 12 30 39 30 29453 4531
8 12 30 39 39 42674 4561
9 17 32 39 32 31811 4591
9 17 31 39 9 11001 4681
9 17 31 39 17 18965 4701
9 17 31 39 31 30370 4721
10 17 31 39 10 12313 4741
10 18 31 39 18 19801 4761
10 18 32 39 32 31890 4781
11 18 32 39 11 13649 4801
11 19 29 33 19 20572 4821
11 19 29 33 33 33437 4841
8 12 20 33 12 14617 4861
8 12 20 33 20 21161 4881
8 12 20 34 34 34607 4901
8 13 21 34 13 15454 4921
8 13 21 34 21 21882 4941
8 13 21 35 35 36051 4961
8 13 22 35 22 22587 4981
8 13 22 36 36 37467 5011
8 13 23 36 23 23304 5041
8 13 23 37 37 39018 5071
8 13 24 37 24 24053 5101
8 13 24 38 38 40757 5131
8 13 25 38 25 24846 5161
8 13 25 39 39 42684 5191
8 13 31 36 36 37740 5281
8 13 31 35 35 36328 5341
8 13 31 35 35 36328 5401