0 8 20 33 20 20601 1
0 8 20 33 20 20601 41
0 8 20 33 20 20601 81
0 8 20 33 20 20601 121
0 8 20 33 20 20601 151
0 8 20 33 20 20601 181
0 8 20 33 20 20601 211
0 8 20 33 20 20601 26881
0 8 20 33 33 31982 26911
2 14 28 35 35 35307 26971
2 14 28 35 28 27019 27001
2 14 28 35 28 27019 27121
2 14 28 35 14 15855 27151
2 13 31 35 13 14977 27211
2 13 31 35 31 29861 27241
2 19 28 33 33 32427 27361
2 19 28 33 19 20057 27391
2 16 28 38 16 17646 27451
2 16 28 38 2 3190 27481
1 16 28 38 1 2026 27541
1 15 28 38 28 26926 27601
1 15 28 38 15 16682 27631
1 15 28 38 38 39646 27661
8 21 31 38 21 21904 27691
8 21 31 38 8 9824 27721
8 21 31 38 31 30334 27751
2 15 31 38 15 16776 27781
2 15 31 38 2 3140 27811
2 16 31 38 16 17664 27841
2 16 31 38 16 17664 27901
4 11 20 33 20 20929 37441
4 11 20 33 33 32659 37471
4 11 20 33 11 12977 37501
4 11 25 38 25 24566 37531
4 11 25 38 38 40153 37561
4 13 28 38 13 15146 37591
4 13 28 37 28 27221 37621
4 13 28 37 28 27221 37681
4 14 28 37 14 16025 37711
4 14 28 37 37 38521 37741
4 8 21 37 21 21621 37771
4 8 21 37 8 9109 37801
4 8 23 37 23 23029 37831
4 8 23 37 4 4709 37861
2 15 28 38 2 3122 37921
2 15 28 38 15 16758 37951
2 15 28 38 28 27030 37981
7 15 28 38 7 8206 38011
7 15 24 38 24 24020 38041
7 15 28 38 28 27502 38161
7 15 28 38 15 17138 38191
7 15 28 38 38 40667 38221
8 21 31 38 21 21904 38251
8 21 31 38 8 9824 38281
8 21 31 38 31 30334 38311
2 15 31 38 15 16776 38341
2 15 31 38 2 3140 38371
2 16 28 38 16 17646 38401
2 16 28 38 16 17646 38461
2 16 28 38 28 27038 38881
2 16 25 38 25 24434 39001
2 16 25 38 38 39842 39121
2 16 28 35 35 35326 39241
2 16 28 33 33 32406 39361
2 16 28 33 16 17641 39481
2 16 28 33 28 27033 39841
2 25 33 38 25 24445 39901
2 24 33 38 38 39902 39961
2 23 33 38 23 22940 40021
2 23 33 38 33 32445 40081
2 16 28 38 28 27038 40141
2 16 31 38 31 29879 40201
2 16 26 38 26 25246 40261
2 16 28 38 28 27038 40321
2 16 28 38 16 17646 40381
2 15 28 38 28 27030 40561
2 14 28 38 28 27022 40681
2 14 28 38 14 15858 40711
2 13 31 38 13 14980 40771
2 13 31 38 31 29864 40801
2 19 33 38 33 32430 40921
2 19 33 38 19 20087 40951
2 16 31 38 16 17664 41011
2 16 31 38 31 29879 41041
2 14 28 38 28 27022 41101
2 14 28 38 28 27022 41161
2 14 28 38 14 15858 41191
2 13 25 38 13 14938 41251
2 13 25 38 38 39806 41281
2 13 25 37 37 38166 41341
2 13 25 38 38 39806 41401
2 13 25 38 25 24410 41431
2 13 21 37 21 21509 41491
2 13 21 37 37 38162 41521
2 16 28 39 16 17647 41581
2 16 28 39 28 27039 41761
2 16 28 39 28 27039 41821
2 16 28 39 28 27039 42001
2 16 28 39 28 27039 42061
2 19 32 39 32 30948 42241
2 19 32 39 19 20085 42271
2 19 32 39 39 41710 42301
2 19 32 39 2 3369 42331
2 18 31 38 31 29889 42361
2 18 31 38 18 19312 42391
2 18 31 38 38 39867 42421
5 13 30 38 13 15251 42451
5 13 30 38 30 29242 42481
5 13 30 38 5 6343 42511
5 12 29 37 37 38650 42541
5 12 29 37 12 14392 42571
5 12 29 37 29 28299 42601
11 16 29 36 16 18263 42631
11 16 29 36 36 37703 42661
11 16 29 36 11 13519 42691
11 16 28 39 28 27751 42721
11 16 28 39 39 43033 42751
10 16 35 39 35 36238 42781
10 16 35 39 10 12263 42811
10 16 35 39 16 18219 42841
10 16 35 39 39 42952 42871
10 16 35 39 35 36238 42901
10 16 35 39 10 12263 42931
10 16 25 38 38 40988 42961
9 16 25 38 25 24916 42991
9 16 25 38 9 10898 43021
9 16 28 32 32 31799 43051
9 16 28 32 16 18116 43081
9 16 28 32 16 18116 46081
9 16 28 32 28 27640 46111
9 16 28 32 16 18116 46141
9 16 28 32 28 27640 46171
9 16 28 32 16 18116 46201
9 14 28 32 14 16440 46261
9 15 28 32 28 27632 46321
9 16 28 32 16 18116 46561
9 16 28 32 28 27640 46591
9 16 28 32 16 18116 46621
9 16 28 32 28 27640 46651
9 16 28 32 16 18116 46681
9 15 23 33 23 23356 46741
9 15 23 33 33 33268 46801
9 16 28 32 16 18116 47041
9 16 28 32 28 27640 47071
9 16 28 32 16 18116 47101
9 16 28 32 28 27640 47131
9 16 28 32 32 31799 47161
9 16 28 32 16 18116 47281
9 16 28 32 28 27640 47311
9 16 28 32 16 18116 47341
9 16 28 32 28 27640 47371
9 16 28 32 9 10916 47401
4 16 28 38 4 5518 47521
4 16 28 38 28 27246 47551
4 16 28 38 16 17782 47581
4 16 28 38 28 27246 47611
4 13 28 38 13 15146 47641
4 13 28 38 4 5290 47761
4 13 28 38 28 27222 47791
4 13 28 38 4 5290 47821
4 13 28 38 28 27222 47851
4 14 28 38 14 16026 47881
4 14 27 38 27 26270 48001
4 14 28 38 28 27230 48121
4 14 30 38 30 29164 48241
4 14 31 38 31 30029 48361
4 14 28 38 28 27230 48481
4 14 28 38 28 27230 48541
4 14 28 38 14 16026 48661
4 14 28 38 28 27230 48721
4 14 28 38 28 27230 48781
4 14 28 38 14 16026 48901
4 14 28 38 28 27230 48961
4 14 28 38 28 27230 49021
4 14 26 38 26 25406 49141
4 14 31 38 31 30029 49201
4 14 32 38 32 31223 49261
4 14 33 38 33 32706 49321
4 14 34 38 34 34177 49381
4 14 31 38 31 30029 49441
4 14 32 38 32 31223 49501
4 14 33 38 33 32706 49561
4 14 34 38 34 34177 49621
4 14 31 38 31 30029 49681
4 14 32 38 32 31223 49741
4 14 33 38 33 32706 49801
4 14 34 38 34 34177 49861
4 14 31 38 31 30029 49921
4 14 32 38 32 31223 49981
4 14 33 38 33 32706 50041
4 14 34 38 34 34177 50101
4 14 31 38 31 30029 50161
2 16 28 32 32 30923 50221
2 16 28 33 33 32406 50281
2 16 28 34 34 33883 50341
2 16 28 34 28 27034 50401
2 16 25 38 25 24434 50521
2 16 25 38 38 39842 50641
2 16 28 35 35 35326 50761
2 16 28 35 28 27035 50881
2 16 28 35 28 27035 54721
2 16 28 35 28 27035 55201
2 16 28 35 28 27035 55681
2 16 27 35 16 17635 59521
2 15 27 35 15 16747 59581
2 15 27 35 2 3111 59611
2 15 27 35 27 26083 59641
9 13 26 37 26 25717 59701
9 13 26 37 13 15589 59731
9 13 26 37 26 25717 59761
9 13 26 37 13 15589 59791
9 13 24 37 24 24095 59821
9 13 24 37 9 10661 59851
9 13 24 37 24 24095 59881
9 13 24 37 37 39110 59911
0 14 28 37 0 717 59941
0 14 28 37 14 15689 59971
0 14 28 37 28 26813 60001
3 9 26 36 26 25276 60061
3 9 26 36 9 10336 60211
10 23 32 38 10 12512 60241
10 23 32 38 23 23401 60271
10 23 32 38 38 41044 60301
11 16 30 38 16 18271 60331
11 16 30 38 30 29638 60361
11 16 28 38 28 27750 60421
11 16 24 37 11 13481 60571
11 16 24 37 24 24179 60601
11 16 24 37 37 39287 60631
4 18 33 37 4 5654 60661
4 18 33 37 18 19470 60691
4 18 33 37 33 32739 60721
4 18 31 37 31 30048 60781
4 18 31 37 37 38562 60961
4 18 31 35 35 35650 61021
4 18 31 35 31 30046 61111
4 18 30 35 30 29185 61171
4 17 26 35 26 25427 61261
4 17 25 35 25 24611 61321
9 19 29 35 19 20486 61411
9 18 29 35 18 19734 61471
9 21 29 35 21 21926 61681
9 19 29 35 19 20486 61741
9 18 29 35 18 19734 61801
9 14 29 35 14 16450 61861
9 13 29 35 13 15610 61921
11 16 29 35 16 18262 61981
11 16 29 35 11 13518 62041
10 14 29 35 14 16534 62101
7 19 27 35 7 8419 62161
7 19 27 35 19 20383 70561
7 17 25 35 25 24821 70621
7 17 26 35 26 25643 70681
10 23 31 35 23 23394 70741
10 22 30 35 30 29623 70801
10 22 31 35 31 30441 70861
10 20 28 35 28 27731 70921
10 20 28 35 35 36260 70981
10 20 28 37 37 39255 71041
10 20 28 35 35 36260 71101
10 21 29 38 38 41032 71161
10 21 29 38 21 21957 71221
10 20 28 38 28 27734 71461
10 20 31 38 31 30434 71521
10 20 33 38 33 33383 71581
11 17 30 35 35 36300 71641
11 17 30 37 37 39302 71701
11 17 30 35 35 36300 71761
11 17 30 35 30 29641 71881
11 17 31 35 31 30461 72001
11 17 26 35 26 25819 72181
11 17 25 35 25 24989 72361
11 18 28 35 28 27763 72481
11 18 28 35 18 19831 72661
11 16 26 35 16 18239 72841
11 16 26 35 11 13495 72961
11 16 26 35 26 25811 73021
8 13 30 34 30 29454 73081
8 13 29 33 33 33169 73141
8 13 30 34 30 29454 73201
8 13 28 34 28 27554 73261
8 13 28 34 13 15510 73441
8 12 28 34 12 14682 73501
5 20 30 39 30 29285 73561
5 20 29 39 29 28357 73621
5 20 29 39 20 21026 73681
5 18 29 39 18 19522 73741
5 18 29 39 39 42297 73801
5 18 29 37 37 38713 73861
5 17 29 34 34 34341 73981
5 17 29 36 36 37196 74041
5 17 29 37 37 38705 74101
5 17 29 39 39 42287 74161
5 17 29 39 29 28336 74221
5 17 29 39 29 28336 74281
5 17 30 39 30 29267 74401
5 17 27 39 27 26383 74461
5 17 25 39 25 24693 74581
5 17 25 39 39 42283 74641
5 17 29 38 29 28335 74941
5 17 31 38 31 30119 75001
5 17 32 38 32 31392 75061
5 17 34 38 34 34343 75121
5 17 32 36 36 37199 75181
5 17 32 36 36 37199 75241
5 17 32 37 37 38708 75301
5 17 34 38 34 34343 75361
5 17 32 36 32 31390 75421
5 17 32 36 36 37199 75541
5 17 34 39 34 34344 75601
5 17 34 39 39 42292 75841
5 16 28 37 37 38695 75961
5 16 28 36 36 37187 76081
5 16 28 34 34 34332 76201
5 16 28 37 37 38695 76321
5 16 28 37 28 27341 76361
5 16 24 37 24 23903 76401
5 20 28 34 20 21014 76441
5 19 27 34 27 26394 76481
5 19 27 34 34 34352 76521
5 19 27 37 37 38718 76561
5 19 27 36 36 37207 76621
5 19 27 35 35 35789 76681
5 19 27 34 34 34352 76741
5 19 27 36 36 37207 76801
5 19 27 36 27 26396 76841
5 15 23 33 23 23152 76881
5 19 27 33 19 20269 76921
5 18 26 33 26 25513 76961
5 18 26 33 33 32877 77001
5 13 25 36 36 37154 77041
5 13 25 35 35 35736 77101
5 13 25 34 34 34299 77161
5 13 25 33 33 32831 77221
5 13 25 34 34 34299 77281
5 13 25 34 25 24656 77321
5 13 21 34 21 21726 77361
5 17 25 34 17 18678 77401
5 16 24 34 24 23900 77441
5 19 31 39 31 30130 77481
5 19 34 39 34 34357 77521
5 19 33 39 33 32889 77581
5 19 32 39 32 31406 77641
5 19 32 39 19 20305 77701
5 15 30 39 30 29255 77761
5 15 30 39 15 17000 77791
5 15 29 39 29 28322 77821
5 14 29 39 14 16118 77851
5 14 32 39 32 31366 77881
5 14 32 39 5 6437 77911
5 14 30 39 30 29249 77941
3 14 30 39 3 4224 77971
3 14 29 39 29 28126 78001
3 14 29 39 14 15950 78031
3 14 29 39 39 41858 78061
3 12 30 39 12 14200 78091
3 12 30 39 30 29063 78121
3 12 30 39 3 4048 78151
3 12 29 39 29 28112 78181
2 12 29 39 2 2878 78211
2 12 31 39 31 29860 78241
7 18 30 38 7 8399 78301
7 18 30 38 30 29422 78421
7 18 30 38 18 19639 78481
7 14 31 38 38 40658 78601
7 14 31 38 14 16296 78661
7 14 31 38 31 30239 78841
7 14 31 38 7 8148 78901
7 18 30 38 30 29422 78961
7 18 30 38 18 19639 79021
7 18 31 38 31 30259 79081
7 19 31 38 19 20412 79111
7 19 30 38 30 29428 79141
7 18 30 38 18 19639 79201
7 14 30 38 38 40657 79261
7 14 30 38 14 16291 79321
7 14 30 38 30 29398 79441
7 18 31 38 18 19644 79501
7 18 31 38 31 30259 79561
7 19 31 38 19 20412 79591
7 19 30 38 30 29428 79621
7 18 30 38 18 19639 79681
7 18 30 38 38 40699 79741
1 14 23 35 14 15731 79801
1 14 23 35 35 35149 79921
1 14 23 35 23 22838 79981
1 18 30 37 30 28917 80041
1 18 30 37 18 19230 80071
1 18 30 37 37 38051 80101
1 13 25 37 13 14845 80131
1 13 25 37 25 24323 80161
1 13 25 37 1 1773 80191
1 13 26 37 26 25133 80221
2 13 26 37 2 2945 80251
2 13 28 37 28 27013 80281
4 13 28 37 4 5289 80311
4 13 30 37 30 29157 80341
6 13 30 37 6 7258 80371
6 13 31 37 31 30168 80401
7 13 31 37 7 8063 80431
7 13 30 37 30 29391 80461
6 13 30 37 6 7258 80491
6 10 28 33 33 32921 80521
5 9 28 33 9 10597 80551
5 9 28 33 28 27281 80881
5 16 30 39 30 29261 80941
5 16 30 39 16 17864 80971
5 16 31 39 31 30115 81001
5 18 31 39 18 19533 81031
5 18 33 39 33 32883 81061
5 19 33 39 19 20308 81091
5 19 35 39 35 35794 81121
5 21 35 39 21 21759 81151
5 21 33 37 33 32896 81181
5 23 33 37 23 23168 81211
5 23 33 37 37 38742 81241
5 21 33 37 21 21754 81271
11 17 25 35 25 24989 81331
11 17 25 35 35 36295 81361
11 17 25 35 11 13547 81451
11 18 30 35 30 29647 81481
11 18 30 35 18 19844 81571
11 18 30 35 35 36307 96001
11 18 30 35 35 36307 96121
11 18 30 35 35 36307 96241
11 18 30 35 35 36307 96361
11 15 23 32 32 31918 96481
11 15 23 32 32 31918 96601
11 15 23 32 32 31918 96721
11 15 23 32 32 31918 96841
11 15 23 33 33 33401 96961
11 15 23 33 33 33401 97081
11 15 23 33 33 33401 97201
11 15 23 33 33 33401 97321
11 15 23 33 23 23410 97441
11 15 25 33 25 24971 97501
11 15 26 33 26 25801 97561
11 15 28 33 28 27737 97621
11 15 23 34 23 23411 97801
11 15 25 34 25 24972 97861
11 15 26 34 26 25802 97921
11 15 30 34 30 29628 97981
11 15 23 35 23 23412 98161
11 15 25 35 25 24973 98221
11 15 26 35 26 25803 98281
11 15 31 35 31 30451 98341
11 15 30 35 30 29629 98461
11 15 28 35 28 27739 98581
11 15 23 35 23 23412 98641
11 15 23 35 23 23412 98881
11 15 25 35 25 24973 98941
11 15 26 35 26 25803 99001
11 15 28 35 28 27739 99061
11 15 23 35 23 23412 99241
11 15 25 35 25 24973 99301
11 15 26 35 26 25803 99361
11 15 30 35 30 29629 99421
11 15 23 35 23 23412 99601
11 15 25 35 25 24973 99661
11 15 26 35 26 25803 99721
11 15 26 35 35 36279 99781
11 15 26 33 33 33404 99901
11 16 31 37 31 30458 100021
11 16 30 37 30 29637 100081
11 16 33 37 33 33417 100201
11 16 31 37 31 30458 100381
11 16 30 37 30 29637 100501
11 16 28 37 28 27749 100561
11 16 31 37 31 30458 100681
11 16 30 37 30 29637 100861
11 16 28 37 28 27749 100981
11 16 26 37 26 25813 101041
11 16 30 35 30 29635 101161
11 16 30 35 16 18268 101281
11 16 30 35 16 18268 101401
11 16 30 35 16 18268 101521
11 16 30 35 16 18268 101641
11 16 30 35 16 18268 101761
11 16 30 35 16 18268 101881
11 16 30 35 16 18268 102001
11 16 30 35 16 18268 102121
11 16 30 35 16 18268 102241
11 16 30 35 16 18268 102361
11 16 30 35 16 18268 102481
11 16 30 35 16 18268 102601
11 16 30 35 16 18268 102721
11 16 30 35 16 18268 102841
11 16 30 35 16 18268 102961
11 16 30 35 16 18268 103081
11 16 30 35 35 36292 103201
11 16 29 33 33 33416 103441
11 16 31 35 31 30456 103681
11 16 30 35 30 29635 103921
11 16 30 35 35 36292 104161
11 16 29 33 33 33416 104401
11 16 31 35 31 30456 104641
11 16 30 35 30 29635 104881
11 16 30 35 35 36292 105121
11 16 29 33 33 33416 105361
11 16 31 35 31 30456 105601
11 16 30 35 30 29635 105841
11 16 30 35 35 36292 106081
11 16 29 33 33 33416 106321
11 16 31 35 31 30456 106561
11 16 30 35 30 29635 106801
11 16 30 35 35 36292 107041
11 16 29 33 33 33416 107281
11 16 31 35 31 30456 107521
11 16 30 35 30 29635 107761
11 16 30 35 35 36292 108001
11 16 29 33 33 33416 108241
11 16 31 35 31 30456 108481
11 16 30 35 30 29635 108721
11 16 30 35 35 36292 108961
11 16 29 33 33 33416 109201
11 16 31 35 31 30456 109441
11 16 30 35 30 29635 109681
11 16 30 35 35 36292 109921
11 16 33 37 33 33417 110161
11 16 31 37 31 30458 110401
11 16 30 37 30 29637 110641
11 16 28 37 28 27749 110881
11 16 30 37 30 29637 111001
11 16 31 37 31 30458 111121
11 16 30 37 30 29637 111241
11 16 28 37 28 27749 111361
11 16 30 37 30 29637 111481
11 16 31 37 31 30458 111601
11 16 30 37 30 29637 111721
11 16 33 37 33 33417 111841
11 16 31 35 31 30456 111961
11 16 30 35 30 29635 112081
11 16 31 35 31 30456 112201
11 16 31 35 35 36293 112321
11 16 33 37 33 33417 112441
11 16 31 37 31 30458 112561
11 16 30 37 30 29637 112681
11 16 31 37 31 30458 112801
11 16 30 37 30 29637 112921
11 16 33 37 33 33417 113041
11 16 30 37 30 29637 113161
11 16 31 37 31 30458 113281
11 16 30 37 30 29637 113401
11 16 28 37 28 27749 113521
11 16 30 37 30 29637 113641
11 16 33 37 33 33417 113761
11 16 31 35 31 30456 113881
11 16 30 35 30 29635 114001
11 16 31 35 31 30456 114121
11 16 31 35 35 36293 114241
11 16 33 37 33 33417 114361
11 16 31 37 31 30458 114481
11 16 30 37 30 29637 114601
11 16 28 37 28 27749 114721
11 16 30 37 30 29637 114841
11 16 31 37 31 30458 114961
11 16 30 37 30 29637 115081
11 16 28 37 28 27749 115201
11 16 30 37 30 29637 115321
11 16 31 37 31 30458 115441
11 16 30 37 30 29637 115561
11 16 33 37 33 33417 115681
11 16 31 35 31 30456 115801
11 16 30 35 30 29635 115921
11 16 31 35 31 30456 116041
11 16 31 35 35 36293 116161
11 16 33 37 33 33417 116281
11 16 31 37 31 30458 116401
11 16 30 37 30 29637 116521
11 16 31 37 31 30458 116641
11 16 30 37 30 29637 116761
11 16 33 37 33 33417 116881
11 16 30 37 30 29637 117001
11 16 31 37 31 30458 117121
11 16 30 37 30 29637 117241
11 16 28 37 28 27749 117361
11 16 30 37 30 29637 117481
11 16 33 37 33 33417 117601
11 16 31 35 31 30456 117721
11 16 30 35 30 29635 117841
11 16 31 35 31 30456 117961
11 16 31 35 35 36293 118081
11 16 33 38 33 33418 118201
11 16 31 38 31 30459 118321
11 16 30 38 30 29638 118441
11 16 29 38 29 28727 118561
11 16 31 38 31 30459 118681
11 16 32 38 32 31935 118801
11 16 31 38 31 30459 118921
11 16 29 38 29 28727 119041
11 16 31 38 31 30459 119161
11 16 32 38 32 31935 119281
11 16 31 38 31 30459 119401
11 16 34 38 34 34868 119521
11 16 32 36 32 31933 119641
11 16 31 36 31 30457 119761
11 16 32 36 32 31933 119881
11 16 32 36 36 37706 120001
11 16 34 38 34 34868 120121
11 16 32 38 32 31935 120241
11 16 31 38 31 30459 120361
11 16 32 38 32 31935 120481
11 16 31 38 31 30459 120601
11 16 34 38 34 34868 120721
11 16 31 38 31 30459 120841
11 16 32 38 32 31935 120961
11 16 31 38 31 30459 121081
11 16 29 38 29 28727 121201
11 16 31 38 31 30459 121321
11 16 34 38 34 34868 121441
11 16 32 36 32 31933 121561
11 16 31 36 31 30457 121681
11 16 32 36 32 31933 121801
11 16 32 36 36 37706 121921
11 16 34 38 34 34868 122041
11 16 32 38 32 31935 122161
11 16 31 38 31 30459 122281
11 16 28 38 28 27750 122401
11 16 30 38 30 29638 122521
11 16 31 38 31 30459 122641
11 16 30 38 30 29638 122761
11 16 28 38 28 27750 122881
11 16 30 38 30 29638 123001
11 16 31 38 31 30459 123121
11 16 30 38 30 29638 123241
11 16 33 38 33 33418 123361
11 16 31 35 31 30456 123481
11 16 30 35 30 29635 123601
11 16 31 35 31 30456 123721
11 16 31 35 35 36293 123841
11 16 33 37 33 33417 123961
11 16 31 37 31 30458 124081
11 16 30 37 30 29637 124201
11 16 31 37 31 30458 124321
11 16 30 37 30 29637 124441
11 16 33 37 33 33417 124561
11 16 30 37 30 29637 124681
11 16 31 37 31 30458 124801
11 16 30 37 30 29637 124921
11 16 28 37 28 27749 125041
11 16 30 37 30 29637 125161
11 16 33 37 33 33417 125281
11 16 31 35 31 30456 125401
11 16 30 35 30 29635 125521
11 16 31 35 31 30456 125641
11 16 31 35 35 36293 125761
11 16 33 37 33 33417 125881
11 16 31 37 31 30458 126001
11 16 30 37 30 29637 126121
11 16 28 37 28 27749 126241
11 16 30 37 30 29637 126361
11 16 31 37 31 30458 126481
11 16 30 37 30 29637 126601
11 16 28 37 28 27749 126721
11 16 30 37 30 29637 126841
11 16 31 37 31 30458 126961
11 16 30 37 30 29637 127081
11 16 33 37 33 33417 127201
11 16 31 35 31 30456 127321
11 16 30 35 30 29635 127441
11 16 31 35 31 30456 127561
11 16 31 35 35 36293 127681
11 16 33 37 33 33417 127801
11 16 31 37 31 30458 127921
11 16 30 37 30 29637 128041
11 16 31 37 31 30458 128161
11 16 30 37 30 29637 128281
11 16 33 37 33 33417 128401
11 16 30 37 30 29637 128521
11 16 31 37 31 30458 128641
11 16 30 37 30 29637 128761
11 16 28 37 28 27749 128881
11 16 30 37 30 29637 129001
11 16 33 37 33 33417 129121
11 16 31 35 31 30456 129241
11 16 30 35 30 29635 129361
11 16 31 35 31 30456 129481
11 16 31 35 35 36293 129601
11 22 33 37 33 33450 129721
11 22 31 37 31 30488 129841
11 22 30 37 30 29673 129961