7 11 -1 -1 11 108 1
7 11 -1 -1 7 67 241
6 11 -1 -1 6 57 361
6 11 -1 -1 11 107 481
6 11 -1 -1 6 57 661
7 11 -1 -1 7 67 721
6 11 -1 -1 6 57 841
6 11 -1 -1 11 107 961
6 11 -1 -1 6 57 1141
7 11 -1 -1 7 67 1201
6 11 -1 -1 6 57 1321
6 11 -1 -1 11 107 1441
6 11 -1 -1 6 57 1621
1 7 -1 -1 7 62 1681
1 6 -1 -1 6 52 1801
1 6 -1 -1 1 9 1921
1 6 -1 -1 6 52 2101
6 14 -1 -1 14 138 2161
6 13 -1 -1 13 127 2281
6 13 -1 -1 6 59 2401
6 13 -1 -1 13 127 2581
6 14 -1 -1 14 138 2641
6 13 -1 -1 13 127 2761
6 11 -1 -1 11 107 2881
6 11 -1 -1 6 57 3061
7 11 -1 -1 7 67 3121
6 11 -1 -1 6 57 3241
6 11 -1 -1 11 107 3361
6 11 -1 -1 6 57 3541
1 7 -1 -1 7 62 3601
1 6 -1 -1 6 52 3721
1 6 -1 -1 1 9 3841
1 6 -1 -1 6 52 4021
6 14 -1 -1 14 138 4081
6 13 -1 -1 13 127 4201
6 13 -1 -1 6 59 4321
6 13 -1 -1 13 127 4501
6 14 -1 -1 14 138 4561
6 13 -1 -1 13 127 4681
6 11 -1 -1 11 107 4801
6 11 -1 -1 6 57 4981
7 11 -1 -1 7 67 5041
6 11 -1 -1 6 57 5161
6 11 -1 -1 11 107 5281
6 11 -1 -1 6 57 5461
1 7 -1 -1 7 62 5521
1 6 -1 -1 6 52 5641
1 6 -1 -1 1 9 5761
1 6 -1 -1 6 52 5941
6 14 -1 -1 14 138 6001
6 13 -1 -1 13 127 6121
6 13 -1 -1 6 59 6241
6 13 -1 -1 13 127 6421
6 14 -1 -1 14 138 6481
6 13 -1 -1 13 127 6601
6 11 -1 -1 11 107 6721
6 11 -1 -1 6 57 6901
7 11 -1 -1 7 67 6961
6 11 -1 -1 6 57 7081
6 11 -1 -1 11 107 7201
6 11 -1 -1 6 57 7381
1 7 -1 -1 7 62 7441
1 6 -1 -1 6 52 7561
1 6 -1 -1 1 9 7681
1 6 -1 -1 6 52 7861
6 14 -1 -1 14 138 7921
6 13 -1 -1 13 127 8041
6 13 -1 -1 6 59 8161
6 13 -1 -1 13 127 8341
6 14 -1 -1 14 138 8401
6 13 -1 -1 13 127 8521
6 11 -1 -1 11 107 8641
6 11 -1 -1 6 57 8821
7 11 -1 -1 7 67 8881
6 11 -1 -1 6 57 9001
6 11 -1 -1 11 107 9121
6 11 -1 -1 6 57 9301
1 7 -1 -1 7 62 9361
1 6 -1 -1 6 52 9481
1 6 -1 -1 1 9 9601
1 6 -1 -1 6 52 9781
6 14 -1 -1 14 138 9841
6 13 -1 -1 13 127 9961
6 13 -1 -1 6 59 10081
6 13 -1 -1 13 127 10261
6 14 -1 -1 14 138 10321
6 13 -1 -1 13 127 10441
6 11 -1 -1 11 107 10561
6 11 -1 -1 6 57 10741
7 11 -1 -1 7 67 10801
6 11 -1 -1 6 57 10921
6 11 -1 -1 11 107 11041
6 11 -1 -1 6 57 11221
1 7 -1 -1 7 62 11281
1 6 -1 -1 6 52 11401
1 6 -1 -1 1 9 11521
1 6 -1 -1 6 52 11701
6 14 -1 -1 14 138 11761
6 13 -1 -1 13 127 11881
6 13 -1 -1 6 59 12001
6 13 -1 -1 13 127 12181
6 14 -1 -1 14 138 12241
6 13 -1 -1 13 127 12361
6 11 -1 -1 11 107 12481
6 11 -1 -1 6 57 12661
7 11 -1 -1 7 67 12721
6 11 -1 -1 6 57 12841
7 11 -1 -1 7 67 12961
4 14 -1 -1 14 136 13141
4 14 -1 -1 4 43 13201
4 14 -1 -1 14 136 13321
4 14 -1 -1 4 43 13441
6 11 -1 -1 11 107 13621
6 12 -1 -1 12 117 13681
6 11 -1 -1 11 107 13801
6 11 -1 -1 6 57 13921
1 14 -1 -1 1 17 14101
1 14 -1 -1 14 133 14161
1 13 -1 -1 13 122 14281
2 9 -1 -1 2 21 14401
2 9 -1 -1 9 83 14581
2 11 -1 -1 11 103 14641
9 13 -1 -1 9 89 14761
8 13 -1 -1 13 129 14881
8 13 -1 -1 8 79 15061
9 13 -1 -1 9 89 15121
8 13 -1 -1 8 79 15241
1 6 -1 -1 6 52 15361
1 6 -1 -1 1 9 15541
7 14 -1 -1 14 139 15601
7 13 -1 -1 13 128 15721
7 13 -1 -1 7 69 15841
6 13 -1 -1 6 59 15961
4 13 -1 -1 4 42 16081
6 14 -1 -1 6 60 16201