-1 -1 26 30 30 130 46081
-1 -1 26 30 26 67 46321
-1 -1 31 35 31 147 46381
-1 -1 31 35 35 210 46441
-1 -1 25 30 30 129 46561
-1 -1 25 30 25 52 46801
-1 -1 25 30 30 129 46861
-1 -1 25 33 33 174 46921
-1 -1 25 30 30 129 47041
-1 -1 25 30 25 52 47101
-1 -1 36 40 40 289 47281
-1 -1 37 42 37 244 47341
-1 -1 38 42 38 259 47521
-1 -1 35 42 35 214 47581
-1 -1 34 42 42 318 47641
-1 -1 33 42 33 184 47701
-1 -1 32 42 32 169 47761
-1 -1 25 30 30 129 47821
-1 -1 25 30 25 52 47881
-1 -1 33 37 33 179 49921
-1 -1 33 37 37 242 50041
-1 -1 28 38 28 105 50161
-1 -1 28 38 38 252 50281
-1 -1 35 43 43 336 50341
-1 -1 35 43 35 215 50401
-1 -1 25 30 25 52 50461
-1 -1 25 30 30 129 50521
-1 -1 23 33 33 172 50581
-1 -1 23 33 23 24 50641
-1 -1 30 40 40 283 50701
-1 -1 30 43 43 331 50761
-1 -1 30 43 30 140 50821
-1 -1 25 32 32 159 50881
-1 -1 25 32 25 54 50941
-1 -1 25 33 33 174 51001
-1 -1 25 32 32 159 51121
-1 -1 25 30 30 129 51241
-1 -1 25 33 33 174 51361
-1 -1 30 35 35 209 51421
-1 -1 30 35 30 132 51601
-1 -1 25 32 32 159 51661
-1 -1 25 32 25 54 52801
-1 -1 25 32 32 159 52921
-1 -1 33 40 33 182 53041
-1 -1 33 40 40 286 53081
-1 -1 30 42 30 139 53121
-1 -1 30 42 42 314 53161
-1 -1 27 37 37 236 53201
-1 -1 27 37 27 89 53241
-1 -1 35 40 40 288 53281
-1 -1 35 40 35 212 53321
-1 -1 25 39 25 61 53361
-1 -1 25 39 39 264 53401
-1 -1 23 33 33 172 53441
-1 -1 23 33 23 24 53481
-1 -1 32 40 32 167 53521
-1 -1 32 40 40 285 53561
-1 -1 25 32 32 159 53601
-1 -1 25 32 25 54 53641
-1 -1 28 32 28 99 54721
-1 -1 28 32 32 162 54761
-1 -1 30 39 30 136 54801
-1 -1 30 39 39 269 54841
-1 -1 33 37 33 179 54901
-1 -1 33 37 37 242 54961
-1 -1 30 40 30 137 55021
-1 -1 30 40 40 283 55201
-1 -1 28 37 37 237 55241
-1 -1 28 37 28 104 55281
-1 -1 28 40 40 281 55321
-1 -1 30 37 30 134 55381
-1 -1 30 37 37 239 55441
-1 -1 25 33 25 55 55501
-1 -1 25 33 33 174 55561
-1 -1 25 35 35 204 55681
-1 -1 26 30 30 130 55801
-1 -1 26 30 26 67 55921
-1 -1 38 42 38 259 55981
-1 -1 38 42 42 322 56101
-1 -1 38 42 38 259 56161
-1 -1 35 42 42 319 56281
-1 -1 35 42 35 214 56401
-1 -1 26 38 38 250 56521
-1 -1 26 38 26 75 56581
-1 -1 35 40 35 212 56641
-1 -1 35 40 40 288 56701
-1 -1 35 42 42 319 56821
-1 -1 35 43 43 336 56881
-1 -1 33 40 40 286 56941
-1 -1 33 42 42 317 57121
-1 -1 33 42 33 184 57241
-1 -1 30 37 30 134 57361
-1 -1 33 37 33 179 57481
-1 -1 33 37 37 242 57541
-1 -1 30 38 30 135 57601
-1 -1 30 38 38 254 57661
-1 -1 30 38 30 135 57721
-1 -1 33 38 33 180 57781
-1 -1 30 38 30 135 57841
-1 -1 30 38 38 254 57901
-1 -1 29 33 29 115 57961
-1 -1 28 33 33 177 58021
-1 -1 28 32 28 99 58081
-1 -1 28 32 32 162 58141
-1 -1 28 32 28 99 58201
-1 -1 32 37 37 241 58261
-1 -1 32 40 40 285 58321
-1 -1 32 40 32 167 58441
-1 -1 32 40 32 167 58501
-1 -1 33 40 33 182 58561
-1 -1 32 40 32 167 58741
-1 -1 30 40 30 137 59041
-1 -1 32 40 32 167 59101
-1 -1 33 40 33 182 59161
-1 -1 35 40 35 212 59221
-1 -1 37 42 37 244 59281
-1 -1 37 42 42 322 59401