4 17 25 35 25 26523 1
4 17 25 35 25 26523 21
4 17 25 35 25 26523 41
4 17 25 35 25 26523 121
4 17 25 35 25 26523 241
4 17 25 35 25 26523 361
4 17 23 35 23 24891 7681
4 17 23 35 23 24891 7741
4 17 23 35 23 24891 7771
4 17 23 35 23 24891 7831
4 17 23 35 23 24891 7861
4 17 23 35 23 24891 8041
4 17 23 35 4 5799 8071
4 18 31 35 18 21213 8101
4 18 31 35 31 31574 8131
4 18 31 35 18 21213 8161
4 18 31 35 4 5925 8191
4 9 23 35 23 24827 8221
4 9 23 35 23 24827 8641
4 9 23 35 23 24827 8701
4 9 23 35 23 24827 8731
4 9 23 35 23 24827 8791
4 9 23 35 23 24827 8821
4 9 22 35 9 10719 9001
4 9 22 35 22 24155 9031
4 9 22 35 35 36811 9061
4 9 24 35 24 25595 9091
4 9 24 35 35 36813 9121
4 9 24 35 9 10735 9151
4 9 24 35 24 25595 9181
4 11 24 35 11 13415 9211
4 11 23 35 23 24843 9601
4 11 23 35 23 24843 9661
4 11 23 35 23 24843 9691
4 11 23 35 23 24843 9751
4 11 23 35 23 24843 9781
4 11 23 35 23 24843 9961
4 11 23 35 4 5223 9991
4 18 31 35 18 21213 10021
4 18 31 35 31 31574 10051
4 18 31 35 18 21213 10081
4 18 31 35 4 5925 10111
4 9 23 35 23 24827 10141
4 9 23 35 23 24827 10561
4 9 23 35 23 24827 10621
4 9 23 35 23 24827 10651
4 9 23 35 23 24827 10711
4 9 23 35 23 24827 10741
4 9 22 35 9 10719 10921
4 9 22 35 22 24155 10951
4 9 22 35 35 36811 10981
4 9 24 35 24 25595 11011
4 9 24 35 35 36813 11041
4 9 24 35 9 10735 11071
4 9 24 35 24 25595 11101
4 11 24 35 11 13415 11131
4 11 25 35 25 26475 11401
4 11 25 35 11 13423 11421
7 11 22 35 22 24339 11441
7 11 22 35 7 8071 11461
7 18 30 34 18 21483 11481
4 18 30 34 4 5919 11501
4 19 30 34 19 22303 11521
4 19 30 34 30 30942 11541
2 16 30 34 16 18791 11561
2 16 30 34 2 3375 11581
2 16 30 34 16 18791 11641
2 16 30 34 30 30780 11661
6 19 30 34 19 22495 11681
6 19 30 34 34 35773 11701
6 19 30 34 6 8007 11761
6 19 30 34 19 22495 11781
6 19 30 34 34 35773 11801
10 17 23 34 23 25202 11821
11 19 25 34 19 22806 11881
11 19 25 34 34 36158 11901
11 18 25 34 11 14114 11921
11 18 25 34 25 26978 11941
11 18 25 34 18 21726 12001
11 17 25 34 11 14046 12121
11 16 25 34 25 26962 12151
11 16 25 34 25 26962 12211
11 16 25 34 16 19510 12241
11 16 25 34 16 19510 12301
11 16 31 35 31 31844 12331
11 16 31 35 16 19553 12361
11 16 30 35 30 31261 12391
11 16 30 35 11 14008 12421
4 17 23 35 23 24891 12481
4 17 23 35 23 24891 12541
4 17 23 35 23 24891 12571
4 17 23 35 23 24891 12631
4 17 23 35 23 24891 12661
4 17 23 35 23 24891 12841
4 17 23 35 4 5799 12871
4 18 31 35 18 21213 12901
4 18 31 35 31 31574 12931
4 18 31 35 18 21213 12961
4 18 31 35 4 5925 12991
4 9 23 35 23 24827 13021
4 9 23 35 23 24827 13441
4 9 23 35 23 24827 13501
4 9 23 35 23 24827 13531
4 9 23 35 23 24827 13591
4 9 23 35 23 24827 13621
4 9 22 35 9 10719 13801
4 9 22 35 22 24155 13831
4 9 22 35 35 36811 13861
1 9 24 35 24 25331 13891
1 9 24 35 35 36345 13921
1 9 24 35 9 10363 13951
1 9 24 35 24 25331 13981
1 11 24 35 11 13043 14011
1 10 24 35 10 11695 14281
1 10 23 35 23 24595 14301
1 10 23 35 1 1499 14321
1 14 28 35 14 16523 14341
1 14 28 35 28 28995 14361
1 14 28 35 14 16523 14381
1 14 30 35 30 30697 14401
1 15 30 35 30 30703 14461
1 16 30 35 16 18708 14481
1 16 26 35 26 27155 14501
1 16 26 35 1 2147 14521
1 10 23 35 23 24595 14541
1 10 23 35 10 11687 14561
1 10 25 35 25 26179 14581
1 10 25 35 35 36362 14601
7 11 22 35 22 24339 14621
7 11 22 35 7 8071 14641
7 18 31 35 18 21489 14661
4 18 31 35 4 5925 14681
4 18 31 35 31 31574 14701
4 18 31 35 18 21213 14721
4 18 31 35 4 5925 14741
4 14 31 35 14 16841 14761
11 18 28 35 18 21751 14881
11 18 28 35 11 14139 14911
11 18 28 35 28 29763 14941
1 14 28 35 14 16523 14971
1 14 28 35 1 1987 15031
1 14 28 35 14 16523 15061
1 14 28 35 28 28995 15091
1 18 28 35 18 20871 15121
1 18 31 35 31 31394 15181
1 18 31 35 18 20889 15211
1 18 31 35 18 20889 15871
1 18 31 35 35 36468 15901
6 13 26 35 13 15983 15931
6 13 26 35 26 27587 15961
6 13 26 35 13 15983 15991
6 13 26 35 26 27587 16021
6 13 26 35 13 15983 16051
6 13 23 35 6 7475 16111
6 13 23 35 23 24995 16141
6 13 23 35 13 15959 16171
6 13 26 35 26 27587 16201
6 13 26 35 13 15983 16231
6 13 26 35 26 27587 16261
6 13 26 35 13 15983 16291
6 13 23 35 23 24995 16321
6 13 23 35 6 7475 16471
6 13 23 35 23 24995 16501
6 13 23 35 13 15959 16531
6 13 26 35 26 27587 16561
6 13 26 35 13 15983 16591
6 13 26 35 26 27587 16621
6 13 26 35 13 15983 16651
6 13 23 35 6 7475 16711
6 13 23 35 23 24995 16741
6 13 23 35 13 15959 16771
6 13 26 35 26 27587 16801
6 13 26 35 13 15983 16831
6 13 26 35 26 27587 16861
6 13 26 35 13 15983 16891
6 13 23 35 23 24995 16921
6 13 23 35 6 7475 17071
6 13 23 35 23 24995 17101
6 13 23 35 13 15959 17131
6 13 26 35 26 27587 17161
6 13 26 35 13 15983 17191
6 13 26 35 26 27587 17221
6 13 26 35 13 15983 17251
6 13 23 35 6 7475 17311
6 13 23 35 23 24995 17341
6 13 23 35 13 15959 17371
6 13 26 35 26 27587 17401
6 13 26 35 13 15983 17431
6 13 26 35 26 27587 17461
6 13 26 35 13 15983 17491
6 13 30 35 30 31033 17521
6 13 28 35 28 29443 17611
6 13 26 35 26 27587 17701
6 13 25 35 25 26659 17761
6 13 26 35 26 27587 18001
6 13 25 35 25 26659 18091
6 13 23 35 23 24995 18181
6 13 22 35 22 24307 18241
6 12 18 35 18 21347 18361
6 12 18 35 18 21347 18751
6 12 18 35 35 37118 18781
6 13 26 35 13 15983 18811
6 13 26 35 26 27587 18841
6 13 26 35 13 15983 18871
6 13 26 35 26 27587 18901
6 13 26 35 13 15983 18931
6 13 23 35 6 7475 18991
6 13 23 35 23 24995 19021
6 13 23 35 13 15959 19051
6 13 26 35 26 27587 19081
6 13 26 35 13 15983 19111
6 13 26 35 26 27587 19141
6 13 26 35 13 15983 19171
6 13 23 35 23 24995 19201
6 13 23 35 6 7475 19351
6 13 23 35 23 24995 19381
6 13 23 35 13 15959 19411
6 13 26 35 26 27587 19441
6 13 26 35 13 15983 19471
6 13 26 35 26 27587 19501
6 13 26 35 13 15983 19531
6 13 23 35 6 7475 19591
6 13 23 35 23 24995 19621
6 13 23 35 13 15959 19651
6 13 26 35 26 27587 19681
6 13 26 35 13 15983 19711
6 13 26 35 26 27587 19741
6 13 26 35 13 15983 19771
6 13 23 35 23 24995 19801
6 13 23 35 6 7475 19951
6 13 23 35 23 24995 19981
6 13 23 35 13 15959 20011
6 13 26 35 26 27587 20041
6 13 26 35 13 15983 20071
6 13 26 35 26 27587 20101
6 13 26 35 13 15983 20131
6 13 23 35 6 7475 20191
6 13 23 35 23 24995 20221
6 13 23 35 13 15959 20251
6 13 26 35 26 27587 20281
6 13 26 35 13 15983 20311
6 13 26 35 26 27587 20341
6 13 26 35 13 15983 20371
6 13 30 35 30 31033 20401
6 13 28 35 28 29443 20491
6 13 26 35 26 27587 20581
4 18 31 35 31 31574 20641
4 18 30 35 30 30937 20731
4 18 28 35 28 29315 20821
4 18 31 35 31 31574 20881
4 18 31 35 18 21213 20911
4 18 31 35 4 5925 20941
4 13 26 32 26 27416 20971
4 13 26 32 13 15764 21001
9 13 23 32 23 25136 21031
9 13 23 32 9 10956 21061
9 13 23 32 32 33112 21091
7 18 24 32 18 21436 21121
7 16 24 32 16 19164 21241
7 14 24 32 14 17088 21361
7 13 24 32 13 16072 21481
7 11 24 32 11 13784 21601
7 14 24 32 14 17088 21641
7 12 18 34 18 21430 21681
7 12 21 34 21 23746 21721
7 12 23 34 23 25042 21761
7 12 26 34 26 27650 21801
7 12 30 34 30 31080 21841
7 12 25 33 33 34365 21881
7 12 25 35 35 37233 21921
7 12 25 35 25 26723 21961
7 12 23 35 23 25043 22021
4 18 29 33 18 21200 22081
4 18 29 33 33 34066 22141
4 18 31 35 31 31574 22321
4 18 31 35 18 21213 22501
4 18 31 35 18 21213 22521
4 18 31 35 31 31574 22541
4 18 31 35 18 21213 22561
4 18 31 35 4 5925 22591
4 18 31 35 35 36936 23041
4 18 31 35 31 31574 23081
4 18 28 35 28 29315 23121
4 11 23 35 23 24843 23161
4 11 26 35 26 27403 23201
4 11 28 35 28 29259 23241
4 11 30 35 30 30895 23281
4 11 28 35 28 29259 23341
4 11 23 35 23 24843 23401
4 11 26 35 26 27403 23461
4 11 24 35 24 25611 23641
4 11 24 35 11 13415 23821
4 11 24 35 11 13415 23841
4 11 24 35 24 25611 23861
4 11 24 35 11 13415 23881
4 11 21 35 21 23595 23911
4 11 22 35 22 24171 24241
4 11 22 35 35 36843 24271
4 13 26 35 13 15767 24301
4 13 26 35 26 27419 24331
4 13 26 35 4 5471 24361
4 18 31 35 18 21213 24391
4 18 31 35 31 31574 24421
5 9 31 35 9 10909 24451
5 9 31 35 35 36960 24481
5 9 31 35 9 10909 24511
5 9 31 35 31 31584 24541
6 10 31 35 6 7185 24571
7 13 22 35 7 8295 24721
7 13 22 35 22 24355 24751
7 13 22 35 35 37244 24781
1 13 26 35 13 15443 24811
1 13 26 35 26 27131 24841
1 13 26 35 13 15443 24871
1 13 28 35 28 28987 24901
1 14 28 35 14 16523 24931
1 14 29 35 1 1994 24961
1 14 30 35 30 30697 24991
1 12 28 35 28 28979 25141
1 12 26 35 26 27123 25201
1 12 25 35 25 26195 25261
1 12 26 35 26 27123 25321
1 12 26 35 12 14415 25351
1 12 26 35 35 36394 25381
9 18 31 35 9 11437 25411
9 18 31 35 31 31799 25441
9 18 31 35 18 21633 25471
6 18 28 33 33 34329 25501
6 19 28 33 19 22481 25531
6 19 28 33 6 7993 25561
6 19 28 33 28 29489 25591
11 15 28 33 15 18525 25621
11 15 26 33 26 27881 25651
11 15 26 33 11 13893 25681
11 15 26 33 26 27881 25711
3 16 26 37 3 4549 25741
3 16 26 37 16 18849 25771
4 16 30 37 30 30927 25801
4 16 30 37 4 5778 25831
4 18 31 37 18 21215 25861
4 18 31 37 31 31576 25891
3 9 31 37 9 10663 25921
11 15 25 35 11 13887 25951
11 15 24 35 24 26035 25981
11 15 24 35 11 13879 26011
11 15 28 35 28 29739 26041
7 12 28 35 12 15127 26071
7 12 26 35 26 27651 26101
7 11 26 35 11 13803 26131
7 11 24 35 24 25827 26161
7 11 24 35 35 37217 26191
7 11 21 35 21 23739 26221
7 11 21 35 7 8063 26251
7 16 30 35 30 31105 26281
7 16 30 35 16 19212 26311
7 16 30 35 7 8632 26341
7 11 24 35 24 25827 26371
7 11 24 35 11 13787 26401
7 11 24 35 7 8087 26431
7 11 24 35 24 25827 26461
7 11 24 35 11 13787 26491
7 11 24 35 11 13787 26521
7 11 24 35 24 25827 26551
7 11 24 35 11 13787 26581
7 11 26 35 26 27643 26611
7 11 26 35 11 13803 26641
7 11 27 35 27 28571 26671
7 11 27 35 11 13811 26701
7 11 28 35 28 29499 26731
7 11 28 35 11 13819 26791
7 11 31 35 31 31689 26821
6 13 28 35 28 29443 26911
6 13 26 35 26 27587 26971
6 13 24 35 24 25779 27031
6 13 23 35 23 24995 27091
6 13 23 35 6 7475 28351
6 13 23 35 23 24995 28381
6 13 23 35 13 15959 28411
6 13 26 35 26 27587 28441
6 13 26 35 13 15983 28471
6 13 26 35 26 27587 28501
6 13 26 35 13 15983 28531
6 13 23 35 6 7475 28591
6 13 23 35 23 24995 28621
6 13 23 35 13 15959 28651
6 13 26 35 26 27587 28681
6 13 26 35 13 15983 28711
6 13 26 35 26 27587 28741
6 13 26 35 13 15983 28771
6 13 23 35 23 24995 28801
6 13 23 35 6 7475 28951
6 13 23 35 23 24995 28981
6 13 23 35 13 15959 29011
6 13 26 35 26 27587 29041
6 13 26 35 13 15983 29071
6 13 26 35 26 27587 29101
6 13 26 35 13 15983 29131
6 13 23 35 6 7475 29191
6 13 23 35 23 24995 29221
6 13 23 35 13 15959 29251
6 13 26 35 26 27587 29281
6 13 26 35 13 15983 29311
6 13 26 35 26 27587 29341
6 13 26 35 13 15983 29371
6 13 23 35 23 24995 29401
6 13 23 35 6 7475 29551
6 13 23 35 23 24995 29581
6 13 23 35 13 15959 29611
6 13 26 35 26 27587 29641
6 13 26 35 13 15983 29671
6 13 26 35 26 27587 29701
6 13 26 35 13 15983 29731
6 13 23 35 6 7475 29791
6 13 23 35 23 24995 29821
6 13 23 35 13 15959 29851
6 13 26 35 26 27587 29881
6 13 26 35 13 15983 29911
6 13 26 35 26 27587 29941
6 13 26 35 13 15983 29971
6 13 30 35 30 31033 30001
6 13 28 35 28 29443 30091
6 13 26 35 26 27587 30181
6 13 25 35 25 26659 30241
6 13 26 35 26 27587 30481
6 13 25 35 25 26659 30571
6 13 23 35 23 24995 30661
6 13 22 35 22 24307 30721
6 12 18 35 18 21347 30841
6 12 18 35 18 21347 31231
6 12 18 35 35 37118 31261
6 13 26 35 13 15983 31291
6 13 26 35 26 27587 31321
6 13 26 35 13 15983 31351
6 13 26 35 26 27587 31381
6 13 26 35 13 15983 31411
6 13 23 33 6 7473 31471
6 13 23 33 23 24993 31501
6 13 23 33 13 15957 31531
6 13 26 33 26 27585 31561
6 13 26 33 13 15981 31591
6 13 26 33 26 27585 31621
6 13 26 33 13 15981 31651
6 13 23 33 23 24993 31681
6 13 23 33 6 7473 31831
6 13 23 33 23 24993 31861
6 13 23 33 13 15957 31891
6 13 26 33 26 27585 31921
6 13 26 33 13 15981 31951
6 13 26 33 26 27585 31981
6 13 26 33 13 15981 32011
6 13 23 33 6 7473 32071
6 13 23 33 23 24993 32101
6 13 23 33 13 15957 32131
6 13 26 33 26 27585 32161
6 13 26 33 13 15981 32191
6 13 26 33 26 27585 32221
6 13 26 33 13 15981 32251
6 13 23 33 23 24993 32281
6 13 23 33 6 7473 32431
6 13 23 33 23 24993 32461
6 13 23 33 13 15957 32491
6 13 26 33 26 27585 32521
6 13 26 33 13 15981 32551
6 13 26 33 26 27585 32581
6 13 26 33 13 15981 32611
6 13 23 33 6 7473 32671
6 13 23 33 23 24993 32701
6 13 23 33 13 15957 32731
6 13 26 33 26 27585 32761
6 13 26 33 13 15981 32791
6 13 26 33 26 27585 32821
6 13 26 33 13 15981 32851
6 13 26 33 33 34272 32881
6 19 28 33 19 22481 32911
6 19 28 33 19 22481 32971
6 19 28 33 6 7993 33001
6 19 28 33 6 7993 33061
6 19 28 33 28 29489 33091
1 14 28 33 28 28993 33151
1 14 28 33 14 16521 33181
1 14 28 33 14 16521 33241
1 14 28 33 1 1985 33271
8 15 21 35 35 37360 33361
8 15 21 35 21 23803 33391
8 15 21 35 8 9803 33421
8 16 30 34 30 31152 33451
3 16 30 34 16 18875 33481
3 16 30 34 3 4575 33511
3 16 30 34 34 35326 33541
7 14 20 34 20 23258 33571
7 14 20 34 7 8378 33601
7 15 29 33 29 30371 33631
2 15 29 33 15 17704 33661
2 15 29 33 2 3284 33691
2 15 29 33 33 33724 33721
6 19 28 33 19 22481 33751
6 19 28 33 6 7993 33781
6 19 28 33 28 29489 33811
1 14 28 32 14 16520 33841
1 14 28 32 1 1984 33871
1 14 28 32 32 32121 33901
5 18 27 32 18 21284 33931
5 18 27 32 5 6972 33961
5 18 27 32 27 28472 33991
0 13 27 34 13 15342 34021
0 13 27 34 0 678 34051
0 19 30 34 19 21871 34081
0 19 30 34 30 30654 34111
2 16 30 34 16 18791 34141
2 16 30 34 2 3375 34171
2 11 25 33 25 26281 34201
2 11 25 33 11 13173 34231
2 11 25 33 33 33666 34261
6 19 25 33 19 22457 34291
6 19 25 32 6 7968 34321
6 19 25 32 19 22456 34351
6 19 25 32 6 7968 34381
6 19 25 32 19 22456 34411
6 19 25 32 6 7968 34441
6 19 25 32 6 7968 34561
6 19 25 32 6 7968 34651
6 19 25 32 6 7968 34741
6 19 25 32 32 32900 35041
1 15 25 34 34 34998 35121
1 15 25 35 35 36432 35201
1 15 25 35 25 26219 35281
1 15 27 35 27 28075 35361
1 15 28 35 28 29003 35441
1 15 30 35 30 30703 35521
1 15 28 35 28 29003 35881
1 15 28 35 15 17607 35941
1 16 28 35 16 18695 36001
1 16 29 35 29 29918 36021
1 16 29 35 16 18702 36041
1 16 29 35 1 2170 36061
1 13 28 35 28 28987 36481
1 13 27 35 27 28059 36841
1 13 27 35 13 15451 36901
1 13 27 35 13 15451 36961
1 13 27 35 27 28059 36981
1 13 27 35 13 15451 37001
1 13 23 35 23 24619 37021
1 13 30 35 30 30691 37441
1 13 28 35 28 28987 37501
1 13 27 35 27 28059 37561
1 13 28 35 28 28987 37801
1 13 27 35 27 28059 37861
1 13 27 35 13 15451 37921
1 13 27 35 27 28059 37981
1 11 25 35 25 26187 38041
1 11 25 35 11 13051 38101
1 11 25 35 25 26187 38161
1 18 30 36 30 30722 38221
1 18 31 36 18 20890 38281
1 18 32 36 32 32164 38401
1 10 27 34 34 34930 38461
1 10 27 35 35 36364 38521
1 10 27 35 10 11719 38581
1 10 27 35 27 28035 38611
1 11 27 35 11 13067 38641
1 11 30 35 30 30679 38671
1 13 30 35 13 15472 38701
1 13 27 32 32 32107 38731
1 13 27 32 27 28056 38761
1 13 27 34 34 34975 38791
1 12 20 34 20 22954 38821
1 12 18 34 18 20830 38881
1 15 30 34 15 17619 38921
1 15 30 34 34 35003 38961
1 15 30 34 30 30702 39001
1 15 27 34 27 28074 39041
1 16 22 34 22 23994 39081
1 16 25 34 25 26226 39121
1 16 22 34 22 23994 39161
1 18 24 34 18 20838 39201
1 17 23 34 23 24650 39241
1 17 23 34 34 35017 39271
1 13 27 34 1 1878 39301
1 13 27 34 13 15450 39331
1 13 27 34 27 28058 39361
1 10 27 34 10 11718 39451
1 10 27 34 27 28034 39601
1 10 27 34 10 11718 39691
1 13 30 34 30 30690 39841
1 13 30 34 13 15471 39931
1 13 30 34 30 30690 40081
8 18 25 32 25 26832 40171
8 18 25 32 18 21520 40321
8 18 25 32 8 10060 40341
8 15 25 32 25 26808 40361
8 15 25 32 15 18224 40381
10 15 28 32 28 29696 40401
10 15 28 32 15 18432 40421
10 15 28 32 10 12536 40441
10 15 28 32 28 29696 40461
10 15 28 32 15 18432 40481
10 15 28 32 32 33205 40501
10 15 28 32 28 29696 40521
10 15 28 32 15 18432 40541
1 15 30 34 34 35003 40561
1 15 30 34 30 30702 40581
1 15 30 35 35 36437 40601
1 15 30 35 1 2092 40621
1 15 30 35 15 17620 40641
1 15 30 35 30 30703 40661
1 16 30 35 16 18708 40681
10 16 25 32 32 33213 40701
10 16 25 32 10 12596 40721
10 16 25 32 25 26920 40741
1 18 25 34 18 20846 40761
1 18 25 34 25 26242 40781
1 18 25 34 18 20846 40801
1 18 25 34 25 26242 40921
1 18 25 34 18 20846 40941
1 18 25 34 1 2282 40961
1 13 30 34 30 30690 40981
1 13 30 34 34 34978 41041
1 13 30 34 30 30690 41061
1 13 30 34 13 15471 41081
1 13 22 34 22 23970 41101
1 18 25 34 25 26242 41161
1 18 25 34 18 20846 41181
1 18 25 34 1 2282 41201
1 11 27 35 35 36380 41221
1 11 27 35 27 28043 41241
1 11 27 35 11 13067 41261
1 11 27 35 35 36380 41281
1 14 20 35 20 22971 41301
1 14 20 35 14 16459 41321
1 14 20 35 35 36415 41341
6 13 30 35 6 7528 41361
6 13 30 35 13 16012 41381
6 13 30 35 30 31033 41401
6 15 30 35 15 18080 41421
6 15 21 33 33 34292 41441
6 15 21 33 21 23729 41461
6 15 27 33 27 28529 41521
6 14 20 33 20 23225 41581
4 18 30 35 30 30937 41641
4 18 30 35 18 21208 41761
4 16 31 35 31 31564 41821
4 16 31 35 16 18965 41851
4 16 31 35 4 5781 41881
2 11 27 33 27 28137 41941
2 11 27 33 11 13189 41971
2 11 26 33 2 2845 42001
2 11 25 33 25 26281 42061
2 11 25 33 33 33666 42091
2 11 25 33 25 26281 42121
2 11 20 35 35 36529 42181
2 11 20 35 20 23003 42211
2 11 20 35 11 13135 42241
2 11 22 35 22 24027 42281
10 19 30 35 30 31249 42321
10 19 30 35 30 31249 42361
10 19 26 35 26 27875 42401
10 19 25 35 25 26947 42441
11 19 28 35 35 37595 42481